34017
56105
40397
38145
47419
31848
21657
29502
39220
49364
36899
29016
34626
39221
35840
49370
30261
28724
49310
43852
31868
37248
35078
54001
41279
33833
46651
45763
39975
40843
27624
37488
31979
46765
43039
38762
36430
44919
34114
4379
42094
46408
37224
44442
39348
41338
29441
30986
6051
41940
36583
39032
45828
54705
31821
44706
38643
52458
42043
40801
33873
28280
48045
38641
48266
44641
31048
37939
56537
56414
26077
44975
31080
46272
37412
46855
43608
30538
27472
44804
45951
31870
46813
44677
33747
21802
31036
42378
34631
34049
34492
33375
40666
31555
45995
23760
53848
34868
56275
31464
57939
43164
7149
34495
35675
51336
38526
39182
27611
28584
25358
43239
26046
43708
40283
23197
37722
33336
27188
23815
36769
45751
33930
28705
56273
53988
39841
32291
46624
42844
36648
28993
47686
43970
37533
32009
30437
36948
44208
4248
39291
37988
29975
46265
45078
34657
43915
38625
48660
30993
37186
44448
54984
46227
36311
52732
34747
43748
41690
29273
44090
39008
46245
47888
23349
34641
38242
34217
48859
31223
24233
42986
34751
38984
39241
46880
31946
28468
33376
29643
26909
57514
43033
24842
37491
5899
24816
6731
31974
3679
9457
16047
2898
12285
18794
44758
24707
8846
12483
837
53919
32461
13144
1680
47445
33613
58688
14833
56157
20537
18329
13997
11150
30734
30220
20029
53111
1250
4342
28292
7986
33161
1066
1917
47871
49826
6281
5482
10089
20982
11876
3765
18913
27109
34226
3487
17495
39791
49029
1727
16973
9134
999
3982
4399
49565
4985
17078
17831
15839
21144
34263
31107
55528
9050
58088
17544
50869
50166
50402
27518
49524
12590
26643
30594
10437
1477
15050
34136
3881
50127
15517
15687
1106
10880
25925
55746
9469
11544
14749
10316
11291
7596
15774
18843
19744
9214
1534
2508
10118
51253
9766
7808
56192
22043
22795
31160
954
28476
20097
3587
10934
27852
33588
9271
21143
55022
27423
24896
24131
27936
32188
29957
20028
12510
52171
36033
23734
31375
33979
58756
24979
51521
7744
26649
1701
19264
20050
1075
15709
22175
22204
26283
2805
58318
338
12907
23893
52431
18203
13018
11001
9910
23444
45016
11124
7538
39900
14577
55374
7234
2775
17493
53894
10232
11125
25161
42485
52365
8332
41601
2698
10290
6679
16676
5517
10127
50606
58554
41428
21882
55483
17796
27811
50400
19489
51804
5458
52724
52411
37241
51829
6617
1978
25583
11753
16776
42817
32863
39169
49333
52084
10637
20404
13459
27850
7326
15462
51594
27262
21980
11815
56358
31492
24303
6359
49258
51363
26846
46248
19270
5436
52227
7809
51248
10818
54358
28091
29468
1657
20463
57962
48785
47371
44065
21138
15475
17313
273
16082
25821
47950
52388
5843
58601
18818
54505
4445
53239
17587
13824
29995
31484
23310
19829
53802
9348
7874
17406
46420
13319
32441
12632
25568
25818
19819
27818
54756
21498
58365
78
14129
25250
36659
11771
49396
40341
7311
50158
28624
3579
52058
23437
4257
47584
6930
37349
22434
54942
16555
25312
21890
5880
9642
35132
26530
57154
9712
22436
2422
53702
17615
8651
18951
4396
19247
56713
56775
37702
52808
13896
8615
23360
42634
54819
3189
20947
32582
2750
20124
51775
26380
10664
26257
37769
49478
57449
53974
28255
12251
11173
14886
13237
57174
28385
21764
510
20491
11963
1457
10575
7840
3467
35231
9150
7019
12182
33263
18395
8635
55492
4821
17761
58178
10418
3418
49003
58102
15509
21348
41958
27073
615
6346
26729
13306
7513
48358
9691
28011
16199
11538
30216
14053
5813
24953
9943
48787
9055
11679
34967
56759
25253
21193
33711
6734
23008
24994
52023
37354
55235
11779
2402
55479
46883
11338
40029
