31500
22630
39079
37783
36845
32933
30983
56407
30017
45446
23900
23480
30478
36648
37238
49925
22840
35786
56393
45356
36721
46537
39221
5071
33882
45483
42046
39201
33666
36503
41889
30974
30414
43805
30665
42904
42207
38621
25904
46955
55254
32207
43748
29502
57372
39894
43026
35468
28729
26188
37033
39724
29571
37248
30904
43814
39204
46705
43164
34023
43400
42739
36258
38727
28882
34435
54976
37780
34049
47076
43781
38852
58091
36689
41293
27334
37087
23956
40893
44656
38757
28434
36311
40853
36388
49247
44444
46932
33084
38633
32938
37858
55560
38554
45708
44587
43037
36677
32891
50561
48744
30287
26334
31390
33546
33894
45460
28157
44009
43881
47328
54307
38064
57521
6892
31660
55283
38719
42043
31507
39911
45960
33797
46718
4379
38575
49381
34794
50216
31226
40129
35788
43558
33957
55573
54446
3813
41279
48378
21513
31518
43076
40547
37548
27590
37604
29500
29973
48189
28717
54728
32239
32380
47641
57083
34145
38643
54161
45500
36347
55570
35888
40732
44574
43537
46094
52868
46631
31988
37917
36904
28174
41948
21933
57655
37131
36714
5217
28868
27624
37083
28562
23815
41608
28863
52181
37482
39239
48158
36446
55568
32571
47532
37695
47542
44880
35370
30523
30672
45812
42672
45516
45029
47282
27172
30757
27867
44714
41999
31376
37941
35439
35363
55256
46515
32960
45445
35031
39241
47088
37997
29269
46298
57101
30708
26755
55829
7866
30431
37412
34189
44855
48176
47923
36430
44652
27616
34100
43766
4228
44234
38655
46772
39539
45496
57936
48243
33637
35353
40059
36602
27611
55989
27882
40808
27472
26741
47710
49644
54565
33764
27462
50276
29584
35155
28607
28584
37360
44761
31945
37837
25354
29716
45347
53573
40932
38469
36029
40827
37511
38668
44449
32511
40219
46865
40926
29009
6053
46910
30840
29033
55409
36406
49942
32576
42440
28701
37753
43362
39528
33779
46099
56129
40326
54301
5489
57788
40184
31049
32676
38620
31690
31248
33665
38962
39382
36299
42164
36002
38600
49927
48344
38054
26766
30396
39149
25928
4504
41753
32509
38518
33958
46245
57256
45678
58796
6192
29224
33372
56414
24667
43352
57388
33336
45768
32345
25640
40586
43156
25359
42859
36276
37988
30993
42649
58648
44854
33629
37431
34018
34729
45078
22508
34843
41682
45059
37925
38718
33865
31287
43915
25208
47437
36813
35832
46995
42466
40449
37023
36832
22359
35509
44553
41495
39243
28724
39263
42528
50557
44600
55154
41638
23061
31687
38484
34791
38663
25081
31318
45951
42286
40810
46026
51197
31702
44025
35359
38204
25938
46015
4095
53161
55536
35707
43139
45824
28746
41586
40818
32199
40229
50142
40634
44931
41382
44706
40007
57675
32338
35447
45388
43771
34576
40255
44844
56807
3808
40390
39613
36280
45771
41203
47192
46243
46258
36428
51059
47549
34354
29880
39464
52461
41817
30435
37342
40674
36903
35811
33308
22496
26207
37782
47636
29018
46789
45153
35579
43975
48823
44599
37735
33315
4800
31232
45573
36654
34657
52883
47175
26743
58214
37970
32009
46828
32638
47178
54566
58493
40978
46272
49854
45645
56805
46405
33864
47621
46573
38408
37878
39176
53312
48106
37535
39051
46167
29417
39556
37322
38925
41850
41087
55705
29599
32893
33462
37175
43937
33540
36436
28180
45177
44905
41629
56109
47229
45211
28021
36140
45378
44195
21515
43828
47716
4931
42563
40143
44220
45335
55428
56537
36724
48332
36683
38984
46000
23340
44171
41862
44779
34143
47294
32351
22925
44385
22930
29849
45714
32760
47053
34939
26745
38446
43770
41449
36342
46762
41413
41921
39223
45430
38104
29713
47425
21384
55574
26909
42476
36885
28610
25480
23685
37879
35818
21667
33523
37506
32261
47565
31654
36617
47194
38275
43341
34280
34068
40702
22652
40742
43617
44487
35764
29289
37690
30962
40283
31989
25512
42351
54729
45707
43418
28706
49996
42090
7292
45375
48467
31147
45912
43044
46965
33551
45989
34665
53433
38859
55426
48045
47188
45991
38783
41205
37803
30008
39256
46600
37731
47183
41871
23258
48816
41337
34943
48296
36365
42717
38356
42049
39282
39130
57937
6336
52614
35417
29972
37626
48377
57807
37583
47681
48527
46499
8975
30424
39947
36780
44782
37713
40499
43346
47551
57535
54559
42199
45593
57103
41620
42565
46719
38893
40513
38063
37152
31970
35485
40896
31932
55143
35123
35437
36547
48082
39139
53848
39432
30858
35568
40035
37020
42994
34845
40314
7718
32272
39041
26079
27188
57525
39841
32262
48529
30986
7161
39499
47385
47802
46192
42061
35075
26882
38111
47760
31644
28313
44641
48597
29144
27059
33495
33376
40389
29927
37926
31848
58349
45224
36949
53566
46591
46277
40089
45724
40456
27762
30810
36181
36312
38625
29690
33752
37561
34567
57370
29177
33734
4246
44935
47407
39809
24091
37186
39672
39419
46730
28874
37275
38622
35737
45572
31668
56381
36908
33370
38669
33063
27743
34176
40556
39691
46135
32163
47358
40397
44710
38950
49377
55700
48799
46083
29594
25358
45851
38016
22774
30301
21802
38838
25375
34626
47431
53023
46260
39220
34932
46010
48596
30298
47410
42379
44929
41734
41143
31112
33930
41570
45054
48945
39676
44633
57093
24803
46766
30119
40848
38108
41241
31711
44775
52316
3960
56108
47067
45110
27173
35251
53006
43030
49173
46254
26890
36001
38729
56956
32519
39669
46097
48110
32011
23263
37542
33804
40685
57225
7574
57379
44918
30429
31592
47045
31811
33607
49167
39832
50423
39003
45201
47988
47506
37727
46843
57239
33181
43959
35395
50347
32790
28737
45179
42033
50218
38733
4243
39423
40142
48415
33353
46433
55547
48097
42267
41690
57368
56136
43697
46785
41177
35296
37515
43935
37280
45015
25911
41025
43866
44058
33514
48940
24928
49580
41671
30852
46186
30831
53997
46848
8142
33141
44989
33622
29169
47393
38642
41968
44514
29590
41508
54861
43811
40946
48322
55844
24663
28600
37335
39639
30264
45932
30758
30857
46317
34191
40186
23337
26194
41296
27340
39907
42887
43597
45800
33214
37750
54567
45070
34873
34364
34622
29507
37603
49106
33096
37223
47032
38174
46960
38224
6055
47205
39656
56552
33791
29137
46241
42282
40171
45545
38007
46845
40308
35813
44006
48030
31234
37446
43870
42903
40016
39982
22077
39047
5498
26603
49022
39576
42592
36667
35361
38030
32802
30681
25341
40612
46209
24232
43165
32536
30256
39978
41408
45202
34641
35876
32566
43205
54556
49513
38971
34097
38306
47958
39979
41974
31681
47339
29260
32988
36946
44512
58211
43202
30262
44405
7585
38619
55270
32122
46765
43327
38525
43852
43456
31316
37296
47480
22631
41484
36763
28143
47159
40312
44928
31783
32943
26073
24934
40406
48673
31732
30682
37336
55401
32759
44164
46715
43437
55707
45343
33627
30803
48405
44922
39285
24094
43417
36581
46306
46361
37395
43066
30816
43277
56274
42894
27865
44543
39118
35350
32068
46763
30346
21943
41752
37722
32245
36071
57665
36157
36532
37255
4365
39175
33183
32476
38031
34597
31400
22771
32549
7997
42879
37477
41265
8409
34589
38660
26920
32287
45411
54001
31599
28158
47686
46503
43039
51903
31368
46651
49726
36769
25901
53317
40284
46902
23762
27878
47819
44677
45628
31282
48470
46313
29120
29643
41197
33344
28327
32260
39078
56821
41343
43848
54453
39971
49931
45783
30808
31655
57242
36484
45777
46634
37063
45132
41986
46708
44565
45218
30550
40771
45646
40770
38210
43576
33534
47599
28468
29964
45846
30660
43499
32480
58067
27754
41554
32071
45020
42646
45493
26884
40758
42558
50207
36392
33635
47969
36886
31312
42481
57956
43285
31672
39242
36967
45737
58798
58079
22787
38742
34884
38998
40613
42029
42519
4938
34929
33101
44643
28730
33048
23671
30349
54450
36488
43653
45367
46716
42069
33763
43385
40729
29919
27022
33674
26631
29703
38946
46297
45531
48177
45144
38995
36511
51619
31604
42269
45772
31454
39440
48241
54130
40593
26076
36723
44431
27197
5358
36039
40270
36324
32821
38242
39726
41490
31948
5360
49094
45799
34651
32411
43819
54724
49370
58377
42668
28993
44501
25761
46021
21236
46966
29430
40788
45742
44783
45281
39728
31682
44804
21806
41329
34464
46983
43033
30121
46038
31179
45995
44632
53720
29459
44448
40670
42006
36770
41726
34294
29304
50776
31642
54454
50636
35561
42457
42526
33319
37409
33245
38257
35715
34557
33547
29268
34732
48810
47148
46524
41238
40925
33466
46164
28595
47365
40349
39058
27342
42569
50149
29148
47057
46646
24947
27463
43336
39618
29316
30261
50140
43993
47095
57668
25506
46554
35283
41168
47659
49454
33463
28003
31046
42188
29865
49798
34492
25222
37912
46152
53723
53572
33819
43122
43512
39424
44115
44943
41957
26918
41794
28421
41564
30529
58237
44079
39481
38083
33445
41743
29700
33034
42471
40668
44301
32403
29878
40644
43673
41505
32356
54011
30437
45511
50355
43032
20958
43063
40609
34879
36444
42112
48200
35457
36984
32832
33649
29407
40013
30909
55693
54024
25062
41895
32520
43677
33618
34008
34903
34162
46080
25912
45022
43142
37461
46345
39526
46525
37302
54874
37533
40640
47368
35565
43297
46202
39383
43890
49646
54147
45322
34002
35836
32894
38004
26912
47895
43445
57786
52589
32201
39532
29847
33905
38979
46541
51910
46074
30348
36794
46619
42464
22915
45178
27048
44475
49520
43559
37378
44060
29704
43600
36899
23196
41050
30805
41824
33232
32833
25083
39612
47519
32906
47375
46514
4791
29553
21244
38256
36514
33387
56943
54165
45504
31464
37464
40262
32055
26359
37503
45366
46859
28039
31453
49310
55149
8562
52458
37651
33111
39810
45741
4091
42611
37591
45239
35221
53596
42978
28575
54000
56261
50214
57663
21666
44244
47419
25907
44090
43527
38156
8556
42812
28571
42252
37617
31051
41692
32640
25936
56533
34623
47177
47787
34982
32704
28052
46880
24926
39909
35915
25916
35822
25643
40898
40663
52459
44546
56123
47560
38145
24800
35423
39573
42808
26460
41669
38996
32194
43305
46051
44611
46163
44082
41990
35194
48997
49098
43278
53033
38714
29739
45552
29506
45798
34886
56411
39925
41150
29582
41480
40006
40509
45622
34209
46329
42555
46455
25762
42602
45971
39049
27478
29176
44848
43097
51898
33081
24512
28472
37392
43220
43042
43931
23966
33589
46566
43435
43479
46331
29361
32845
54412
43259
44539
40843
39246
37991
22776
35162
49238
52874
44093
31820
38505
38451
46421
36464
39551
48544
35852
32086
32761
29143
46652
34495
46377
30110
41083
42362
28299
57090
55988
39768
40217
33767
34580
43021
50419
35882
32909
48807
22788
57659
43342
57255
32436
29992
28330
47800
53988
44965
29133
32225
40958
29147
46567
47226
52752
42238
32378
57241
34947
32406
45878
27311
32150
52888
33552
40398
34101
33976
41220
36942
42305
53021
39478
29504
38029
35675
39046
32218
54857
30436
49589
34314
33616
34437
41927
25516
23202
29691
26077
38626
36305
23542
49156
39735
48015
40094
46712
29024
27752
33794
46158
45206
48094
47171
36021
42044
33125
40772
41071
42276
32507
52328
31190
41064
37645
47259
32080
38748
46550
32992
30668
26756
39759
43980
45296
37929
33884
41452
40777
35351
33872
49164
52320
47270
49229
40597
49093
22231
30253
44351
49928
37597
42613
26492
26754
39361
48874
47434
39557
55274
5500
31263
45808
32660
44734
43208
26070
44637
26778
35586
43061
39690
29121
44072
49788
46583
57085
39284
31874
32389
30664
44373
43523
41992
58233
43197
33169
35808
50490
44667
49364
26072
25215
32815
47571
53035
46855
33368
52463
41482
41036
44337
40174
41870
50148
50628
54716
48456
40212
47628
8697
43318
41644
31389
45238
40558
47616
38665
37022
26881
47891
34392
53729
33322
37660
23820
31399
35401
21242
46216
40811
45326
33485
45100
36017
45002
49514
47485
32858
53014
36163
41338
47782
53875
43680
40813
34520
46963
54839
42138
56542
38616
48078
37854
39259
58350
40140
36914
40100
39704
36161
48391
47853
42424
58779
39008
39661
32056
56128
43797
44404
33246
39771
25651
29546
42320
46265
38282
47822
36437
35931
38900
38922
32823
31374
37536
37672
26765
54563
36948
37249
26923
30847
45112
41591
47517
32829
4788
33790
44871
47661
47749
35821
39629
41147
39544
27723
30204
37224
55014
24937
45288
34654
24791
44498
48942
35176
39727
24942
6051
40127
31257
41812
39506
46741
56131
53731
48803
32673
49787
47327
38981
35499
31546
41616
46934
38316
35167
7714
41908
39975
35510
34636
44821
52453
30011
44645
30561
35088
32983
41259
37922
5082
38470
43954
37370
46439
40296
6890
38495
42929
37410
28016
31840
47212
40524
44818
49587
40700
31809
43284
36741
36671
32645
47776
33557
46771
43548
45213
56957
47452
55400
36631
37891
29712
53883
46440
54271
29441
31531
27908
56692
49929
35948
55273
33406
53175
31735
36088
48385
30288
50772
46391
27323
46706
32554
51904
45195
46844
27583
58379
47080
40583
22072
44458
38196
4371
36609
29026
45520
28165
55848
27763
28711
47501
23825
39619
44946
34870
32751
45385
43583
43913
46512
43708
43628
29588
32625
42373
31868
34788
55292
44345
54298
32340
36825
4386
22216
40126
47104
56273
45534
54696
43776
37111
37893
47008
42311
33655
39110
35291
31552
23960
8280
37595
36115
28473
30901
24239
46426
26493
37778
25933
44702
46128
37313
55692
27444
32958
49728
39715
37308
41057
41126
37436
40289
53311
36748
45124
40237
39083
58078
34624
45662
57939
48950
26327
42234
43863
53736
41052
45230
44926
33377
40215
43661
35049
55418
47564
37612
36933
40248
33172
47105
27580
45090
45237
58210
54429
32665
44156
38213
35993
41590
29547
46561
43441
30401
55135
35391
26887
38785
43696
25347
29016
35276
58491
36573
47832
36232
41723
40361
35357
31806
47817
37682
36042
44486
37544
57373
41171
39434
43837
47244
54862
42920
42932
51762
49090
47236
30764
41104
35986
43423
40783
45136
26185
36760
33225
8555
57523
45278
39980
33524
35671
41572
37128
43802
37822
49293
57111
41925
38318
48379
48519
47015
34297
42585
34335
32953
56551
48335
35054
55987
27619
53719
24247
29152
26487
5068
45081
32830
37184
28585
33468
6047
36651
49937
46813
43524
27861
48318
8283
5075
54705
45044
7027
8700
54316
39060
55139
39600
8841
49577
45797
34840
31247
30626
53734
33363
35455
54014
38109
42689
38738
44495
43519
44838
46937
37710
36954
40218
29600
23824
30438
44812
43775
57398
47678
6057
34448
29741
49311
45930
41645
30560
54270
25769
37114
36330
47648
38899
26218
29153
39316
24100
40847
8281
33142
44548
29363
40175
34017
37588
44184
41660
43970
32952
29451
49435
42300
27062
30700
46059
37221
42057
44489
41393
23403
39000
46592
48520
37045
42757
57514
43620
45845
35152
43813
29975
39986
37852
29720
38764
33617
43807
33619
44208
42982
31231
30341
4789
46363
42941
38846
32577
30063
35224
45810
46522
58092
57792
51622
44919
31039
30209
42657
41300
44026
7164
44129
29877
58519
37687
53306
34350
43839
34348
32908
38807
40261
38784
48730
28145
34233
45955
39120
45415
40202
29362
43002
38073
37857
48956
35635
46894
31245
32753
40423
5080
44446
41683
43804
41551
46179
41797
32777
40235
35878
47820
34748
41065
39818
48533
37670
41372
43641
39313
44336
43170
31606
35840
56521
34868
22923
47051
36262
46112
39814
28716
44955
32921
40350
37654
38117
33614
43690
29140
46533
47827
44644
54984
50071
45304
56247
24805
55281
29920
31379
37928
42723
34190
25935
44598
41655
45793
31182
6605
38383
36793
50843
53017
58238
36747
46401
43565
44267
47106
33459
42259
22500
47997
31110
39988
45217
29980
31730
33042
42402
40738
42175
36141
48014
42396
47683
30698
46098
46665
41058
28470
40228
26048
31679
22212
34091
37733
52592
34596
57367
33899
41632
58645
45631
47069
37206
35078
35179
45855
44442
23345
35716
46549
45751
44170
4647
36477
36101
39226
28031
30957
55280
35210
43203
41375
35708
46876
31639
38531
48410
54163
40801
44163
44323
31649
42378
42577
34491
29879
32661
40792
31824
37507
31792
35016
33032
50914
44158
45302
32851
43966
45497
55395
34522
57798
34216
39698
32964
35214
40850
46615
42905
6190
35607
43974
48877
46328
48381
34234
29740
23680
39840
24093
39064
36909
55408
39693
34296
46868
56978
31568
31648
38762
56125
43248
55984
25633
46227
56544
36645
30980
37894
40105
23961
38556
42416
30019
46132
31808
37438
36270
42506
45700
34178
32923
36133
36150
27730
42512
54707
39348
55553
34302
41261
39869
39717
38739
52190
30556
32756
45053
27727
39177
32291
32615
37993
33239
44329
48409
33061
38801
45146
43608
46648
29273
30425
44721
52466
39222
43347
48325
41443
4240
30427
46917
28147
54986
44528
36606
45763
36348
48859
38795
41227
39457
41931
56681
32502
48155
42198
26480
26192
30823
8557
32153
46225
46830
3823
45688
35953
32553
40292
33833
39032
30433
42972
29732
43473
34161
26895
44471
40463
37307
30297
30554
3955
36415
47711
29432
36968
53146
46375
6052
5497
42193
31968
45465
32567
47757
28862
37084
43938
30200
30981
31036
40799
32818
43921
32630
28599
54451
5638
34079
46175
42529
36403
33483
45056
46266
36580
30009
30856
32954
32103
43976
45746
32944
37913
39158
29862
57526
22920
40285
36090
44294
40003
27190
44051
31549
37615
49302
54274
7149
43001
40940
32555
44088
45407
43183
56545
34499
47458
8698
28566
7580
38526
36525
25357
27862
44537
39593
49444
33536
39182
29838
40658
51120
35989
33663
55259
41409
44253
28432
40666
37509
27589
37763
45949
31727
46704
27205
31928
7293
6887
34070
49012
42331
53580
52748
38410
34220
43474
32293
38802
31830
23393
41811
45744
38942
53716
28168
38561
29404
48970
46780
50913
42958
27312
49303
34217
43289
33760
38217
30996
37060
50422
25924
7162
37772
26193
47491
43124
33413
34804
24530
57509
45351
36898
45226
41094
38904
29431
43505
31927
49521
27024
34842
36844
52471
26191
44648
28705
47198
39402
40683
29999
57516
46842
5494
35872
39822
40391
37681
47147
43315
48738
35625
37791
33453
5067
44991
22367
55968
42322
4087
43655
31088
36070
54423
37488
48607
27751
33068
39291
30423
25919
37185
53156
45104
43494
29918
30567
32643
44396
29170
45972
32506
37432
39826
38477
40873
41389
41016
46679
38941
37281
29165
35972
31365
33664
31173
34092
47237
40822
44858
31979
55145
42881
36172
40587
47122
38641
31946
30265
33774
40401
25483
41476
37927
42754
44468
52036
26600
40151
38447
34569
23760
46657
57942
57094
37999
30538
32012
7030
27905
36808
35748
43486
29852
38386
29175
22073
28280
35734
46309
32398
30383
41654
25774
47020
26757
34286
45896
44423
23399
45642
34500
42658
36468
35216
39077
39292
46408
33354
24507
37823
49233
45068
57112
27883
30108
39289
43936
53992
37969
21514
42915
47849
56275
48108
42210
49583
44155
38873
34865
22781
41056
23349
39339
27614
47489
54411
42841
37247
33881
30845
37915
37618
38708
54863
36682
34564
34664
37418
41014
42897
23197
42560
33059
48660
40616
34638
48480
25070
30260
37237
36653
21653
47769
35906
32494
42062
34743
27740
33320
33041
31455
54008
43166
29008
43542
30905
41883
41217
32788
46048
48266
40966
34588
42799
36846
34631
43743
39957
34751
4101
44289
34976
41026
36743
31094
48971
32984
29428
42335
41080
34283
30146
41845
46436
6889
36263
28579
42501
38289
31285
3964
26471
44053
46100
45361
45139
48719
43757
42531
56534
43618
30944
47842
36945
46624
29132
24233
21657
41051
38481
31116
42115
34374
43622
33933
56672
41940
47996
23684
45828
34141
45939
33753
27057
30913
41636
36093
35356
44960
57662
55704
38657
39366
40091
30578
26627
44335
56971
48531
33594
42986
4513
45675
30105
39958
47887
35835
30676
22699
34424
39831
29714
31692
40589
47455
48394
30295
56262
44119
35115
43876
43358
35186
26046
38572
47197
38579
36970
38796
27904
33475
42200
55965
45138
37021
57539
44105
45321
55131
47626
37374
47687
44412
24509
49573
52732
33311
31958
46532
34502
34231
36350
35496
32259
25773
45510
29449
45985
35926
33325
38341
41088
28461
30020
44146
57959
44510
41380
39128
53154
46905
7165
45359
31542
33394
33340
31172
39572
42202
45023
38609
48171
47544
34480
39091
44725
33131
44680
25210
41652
37462
26611
47638
43493
21662
41935
40357
40699
39315
48593
30718
37039
32679
41133
38835
45245
30198
35263
36329
44884
48101
52610
27343
28322
40704
50077
44743
32758
53730
34565
35497
35874
37987
24105
46827
42966
35810
39030
47157
49865
44497
32132
23624
48384
46411
34747
42469
42229
34055
38380
39533
23056
34033
36448
36925
36137
38813
44967
51908
5911
47594
34521
36863
40459
39090
45524
43662
42421
36625
47266
40310
53291
44503
30977
5222
51200
43569
39417
40130
47954
28167
41867
39138
41342
39155
38482
40149
35287
33408
52750
27459
44772
22645
40005
38415
45319
44788
44151
24529
35354
42178
36811
54997
47662
42888
40225
58355
34913
47440
32364
58497
41842
30199
36807
36849
40533
45389
41646
43464
38460
39941
47142
31821
47432
27061
28875
35582
31941
43883
54424
45105
27168
33460
32826
35856
42151
44957
33100
40933
34882
29644
48297
41703
34721
27592
4656
39010
36254
34313
33806
48413
30118
32424
45921
45734
47747
43946
4654
54866
35820
43520
41202
54562
35394
9397
4523
37952
36971
42232
40746
32402
30990
49660
40496
34221
28311
40121
39795
46805
53173
53725
41934
45920
32653
42159
42919
35289
34114
21375
36888
32525
36323
49800
34326
43239
24939
43613
38251
55001
26490
26465
21521
26474
31707
46349
43821
56680
38126
47610
33555
36091
40260
45408
30903
53174
38855
32819
45328
31122
51202
31819
39418
31640
31222
49108
35780
35838
38562
53585
35918
42863
44975
33907
56814
49010
36178
47899
41614
37323
4248
7298
30155
31416
48809
33375
30254
51336
30940
38255
37172
40021
38608
26642
30834
34604
25344
39780
42961
40776
45610
31710
30547
26190
41511
42844
46082
38780
30420
35010
31605
44626
38937
44046
47778
45436
34214
31563
32578
33874
31080
45219
47994
34917
43799
42891
23262
32504
48019
48327
31555
45042
46205
38500
40838
53854
36877
41955
53027
53584
45885
37939
47960
42288
44012
33355
58358
7020
33747
49932
47381
48957
34157
29171
48594
41125
37609
26747
50136
57106
43755
44739
37346
29503
46940
46497
49172
46453
40922
31870
9257
30988
44744
45079
24661
58097
56952
3669
40421
50350
46820
42068
43099
27175
46753
58657
47547
46672
30692
36785
4229
42094
42731
39836
56693
53441
43557
31223
26187
34081
48666
32969
44958
31244
38190
35647
35229
36512
46857
31272
45154
26216
32105
46870
49786
32690
49231
4644
26489
45884
34734
34562
32379
31048
41189
49735
44005
39013
44533
42163
39945
46682
32639
32861
45093
51617
40154
56803
57538
36583
35879
36264
42273
32614
34759
56105
41207
31689
42587
47888
45274
54870
39563
45467
7299
53571
31228
22639
43847
33206
27041
27449
35843
33934
39597
38028
28008
36020
55849
23963
46674
44176
37463
50978
26330
43880
44121
40775
57375
27065
7305
38061
35984
46296
36944
43291
56553
35680
35539
46521
34741
29157
34566
52048
31925
25493
45711
39262
58074
38612
32479
38214
4803
41612
47246
25360
33598
26768
48518
57095
42868
29020
41005
53873
36701
53290
28592
49866
33873
45216
56124
55285
30382
42458
36758
36413
41668
41635
42985
39913
36642
47627
54052
576
8014
23692
35560
16342
58554
16570
2613
21700
26597
7915
27009
17406
52264
19126
1619
50575
26029
50372
49899
35548
46973
2873
20018
13207
21644
50332
5675
6643
11561
52098
51739
480
4406
14404
14561
31419
7222
14063
52084
33488
4913
10667
1556
39195
22558
2482
6034
5007
3561
12255
17100
53764
4781
55251
15509
17541
29125
27234
37010
28807
33005
21360
1106
27371
8259
51859
386
4211
56186
2982
4964
24601
49337
7385
19585
20340
57982
5968
19040
33991
26619
27918
2019
42674
10835
51767
15000
9527
27512
52695
19922
10033
20124
25872
730
53363
53499
9856
8615
2737
329
55069
57149
27806
52026
52840
5868
20559
14357
23518
14467
29753
50230
9926
11139
12649
15060
17154
13326
8007
12476
54604
3569
52956
39654
53041
5000
19639
4554
17020
6801
13528
55758
47066
22475
24564
8964
15961
6933
19277
4739
13272
21464
46668
36870
22282
20623
56057
10578
54433
54538
25150
21356
32113
11642
316
21139
16724
15108
33699
18723
24744
9386
22548
44278
40055
35516
24695
20610
47003
53208
7592
12110
57986
5651
18981
9766
52140
13464
17842
5252
5166
1220
49757
2044
55874
55614
28902
56583
14534
2402
53203
17670
52521
52228
42214
10331
25265
27657
15225
56519
19661
9359
40478
49177
50045
6256
28071
25109
49270
694
16246
11459
50361
9790
35685
11025
12331
54505
54470
10172
45779
24699
2648
14931
47203
15778
4186
17915
25561
15927
2805
14142
50652
24885
27238
41607
37946
3043
2615
21925
7176
50902
18514
17847
55597
52579
54828
11984
26177
26372
25229
56357
5342
50552
17078
26156
15198
50532
28950
24215
23607
46976
45298
57768
432
49244
9698
34439
11444
15663
5293
50387
18994
14452
10437
12840
10903
24974
57595
8260
15686
30025
22434
7912
45017
43893
43981
14399
56633
11158
29516
1471
16560
2827
8943
55155
56770
11150
9419
50236
2568
55040
10215
3672
11492
17516
12389
50550
28923
57360
54241
58567
19167
5909
14785
36475
57980
42031
45057
11769
14967
29508
57488
9943
55924
12510
50087
17926
11582
23429
37627
57141
56620
4676
15652
26315
26982
9243
7561
1085
13852
51002
49485
30732
10392
57884
6666
12218
43087
57421
2558
51610
49393
8207
6440
45333
9120
57720
52202
78
32684
50953
30866
25658
2846
51505
32189
15630
45299
26588
24034
56482
55363
6769
31617
58547
17271
43399
15828
5783
19155
57290
52538
29248
17486
12978
358
466
55521
50991
8228
50791
471
26033
14053
21327
29262
24977
7415
10734
31723
56170
17213
17715
51958
31302
54354
25253
18650
28115
13940
29803
53236
53696
45440
12303
25612
53830
53488
45900
17222
20688
55499
23562
28203
9639
8321
15649
35771
11194
6948
14645
49873
28409
23094
53102
3412
11125
27331
346
6291
10115
42101
57449
33532
6086
4290
17832
15124
25688
5513
58172
2474
26868
28414
50878
19365
57202
3778
12077
48444
34264
701
13810
50669
19334
13353
2202
57401
50054
50484
15773
11698
2363
24760
16270
18
10909
5990
18674
28335
24253
27920
58416
56217
13718
50642
1007
4636
6231
53037
19235
53832
55943
23853
23797
18712
15421
57969
13339
37957
28775
55248
304
17702
12062
29089
49672
7407
53800
4950
49359
19875
23218
8174
50292
17479
52094
55247
16984
35002
26241
54212
45861
16534
23181
39096
39547
56301
1792
45200
8115
17487
4567
26720
15033
15659
21316
29681
24251
50541
51928
637
17849
16860
19418
6428
28256
23373
5223
53464
12288
43254
21182
24280
14914
55169
18225
12569
13053
48931
13676
15982
16454
17984
58504
15612
13879
16955
24466
10814
7421
8373
5398
48226
434
52368
2769
45338
25711
21296
48205
55222
18595
47950
12575
50108
18958
28153
15146
55435
8966
3553
51218
31213
43753
52299
2134
49291
23784
27782
12046
38651
8405
50673
39390
21311
551
774
14402
26432
55785
6979
22037
24908
17610
12856
52937
17817
16132
18246
42025
23457
25272
12643
48916
31348
14388
30610
25818
25188
28411
18916
36894
12380
54946
9173
55348
15570
6922
18282
16044
53516
32834
26565
13440
10149
10391
42432
638
12165
30968
49003
9402
50584
51804
58135
46900
20254
17038
54105
54639
3126
28221
6852
11295
3980
14711
17256
43253
58366
36639
22799
17615
24867
24824
53948
53691
17480
23548
1299
29627
8473
24076
57889
13629
55447
58007
52129
12029
19243
24406
22015
50047
47165
35828
5393
26577
19368
40241
10083
11573
23007
31021
54961
28829
4862
5439
11207
23503
15547
21157
21404
19685
18120
57876
27940
18367
35414
25036
56307
50874
36771
29911
11556
12642
1513
8745
15967
17082
5515
14391
11529
28088
7144
6617
4271
42485
52929
3528
1727
28086
51092
5734
7223
17791
10767
5815
27393
20870
15622
16804
19214
35097
8846
9182
51285
11771
1872
2303
24544
22022
43150
41117
52287
18443
52936
35411
9444
58341
12193
56635
57210
38444
54266
33432
51055
51791
20889
23777
45036
52227
15476
6179
34824
20768
25262
29667
17617
10796
20485
691
6
51042
9522
23520
19384
41537
51877
545
48142
43395
20226
598
32463
19787
57172
15743
473
52913
25943
12949
29625
53961
33859
27850
16968
11291
27385
26362
15047
17825
5446
31069
16290
50548
18407
19247
51656
18208
29770
12911
4626
12545
9544
19569
7692
38122
37429
18425
48146
12897
21681
1271
10562
3252
51868
1450
12776
7096
19079
18232
57888
34136
537
15848
6233
10466
965
48356
14824
23368
30782
21021
48890
25724
40211
2079
22436
5525
10165
3680
18056
27652
4865
52503
41718
12492
13186
16980
26649
826
8520
16906
26939
35064
16789
2196
13644
39583
6501
50887
14251
42401
27332
21056
21859
10985
2764
53004
50873
8532
17192
44843
20174
13614
24831
3414
14863
7885
16055
33263
21977
987
11559
18685
56091
8358
27963
16522
585
2752
55790
42913
57120
10748
57719
6174
16891
10925
49046
6312
23093
3981
3944
24433
10678
51974
7484
8797
47253
15839
21395
53782
23786
34228
13237
1399
26286
24631
58426
58620
2587
46462
33980
53826
19905
52450
47808
13028
54528
12821
52531
23809
21899
41385
18634
57316
53462
11099
4678
51591
10750
36519
19968
58129
52376
25378
37771
47
49635
26406
12750
1226
25123
16240
21685
4218
52163
27157
13034
51098
48787
53193
10692
19146
21828
29381
21772
7699
6663
51034
4485
2868
9075
12298
2049
13834
7461
46472
13148
6837
2085
54920
27271
47768
51224
56600
17364
3216
25300
15056
4831
857
14270
48069
5508
41306
4024
24864
53760
30183
25537
3847
18011
51443
2664
4777
20507
5362
14740
50764
6719
7012
15730
51637
26974
13007
13247
51248
16893
54819
12315
53786
53768
30075
7344
55392
24618
39070
31892
7234
11523
12413
53062
28522
49527
23015
10957
51798
57428
35068
24176
21278
53070
21986
25746
29676
32497
21884
16366
54211
52689
14610
26036
53080
17242
24778
37351
35966
28091
12
2271
19234
57058
1068
50624
9442
20372
430
20273
15132
14669
21262
1422
18676
53372
50117
53614
54898
54960
10730
6523
2473
39473
24442
10821
9661
17957
25376
55892
16965
15860
17384
20271
6356
54886
28359
54756
14840
5300
21989
45449
11922
47349
55370
6593
57024
20277
2449
55374
26647
58088
58421
22758
23842
33289
30234
8427
15449
749
26708
3552
20565
51118
2698
21578
52244
54370
10393
22155
49285
15061
10630
3310
27682
35551
57017
55306
49529
6225
15145
32742
19582
27822
10291
9242
22901
5688
43086
54948
3231
52909
28273
17797
5865
28229
49243
33301
9123
9428
44698
53844
13574
47254
27931
54941
13442
54041
51110
16728
16471
4882
18040
32438
21882
55356
6181
7848
29884
31301
25201
23867
13074
21687
23573
56903
1586
20567
11683
23982
34923
10147
34550
2941
15892
13677
25954
58102
5922
7838
3579
16519
10269
19444
900
23468
7766
20587
36703
41981
1490
22568
14288
52100
14476
13947
52767
51038
17542
52953
45617
9854
1205
26174
55947
51289
2849
17332
11753
3985
19204
13743
18369
3479
40550
546
4480
27274
18371
24818
7516
1250
19759
27094
15740
26553
49886
6904
21298
46197
57178
51629
6078
12808
13624
49122
38886
53970
1408
2605
57864
51469
20574
22704
47789
27716
10880
1204
23743
24149
24424
20404
16070
49186
18670
4130
17478
27136
1931
53490
18953
15374
10533
23360
27680
9586
6063
26690
50859
15495
30360
16343
55081
10601
31767
21074
22344
36473
52417
9214
14141
9672
55787
52360
13849
9642
20846
51081
9453
58318
10103
54365
10948
21445
4584
53681
51723
8264
12658
21452
10127
1932
21537
29914
29539
20471
35067
18534
10549
12907
7427
9199
12698
1716
18080
54550
15724
15807
57061
1709
24729
5463
43257
9372
49280
41445
25963
12648
27155
48072
42630
9603
11324
13256
15420
2112
29244
983
18276
29791
15176
13883
13997
4450
12195
34307
57165
22002
38776
16764
31975
28835
2741
26532
21119
27811
55018
56898
51961
51176
2523
50855
7624
37150
38546
2779
16694
50713
52091
27950
2572
53705
27151
50516
3230
13033
19673
34396
28197
20550
19328
39708
11501
31140
19886
57263
50582
9912
40204
37188
6249
49123
7901
12372
56175
52766
9457
27695
29883
21885
36934
1632
12313
37680
56601
13824
37949
6232
57705
58485
11338
8635
6298
7966
36520
25021
5880
57122
26852
50158
11070
26383
53087
26547
2877
11790
22834
54408
10427
11215
10067
56973
3362
30674
20781
20880
35687
19516
12433
8210
9201
13885
231
17178
800
39056
48792
48908
52523
376
48348
16180
14804
56470
43047
37704
29437
34825
5458
57426
16628
52828
18817
53695
14198
3205
12704
10307
3613
23920
2406
10118
2125
55528
20149
22518
6046
3213
7596
30319
12272
11164
19228
55041
54107
58365
57747
55619
24816
2348
6436
20205
21843
25473
26400
4574
31909
53095
4345
19782
41884
9407
8524
18575
22339
51305
29896
51138
14343
14291
3840
7623
54944
51439
6044
45863
19412
31891
21366
17608
51187
55299
24301
9071
54177
48677
50787
48818
48215
12381
15842
19628
13275
103
8252
1571
40514
8234
14178
30026
57074
2981
22719
23977
53952
14506
740
13776
19047
17264
4585
20762
20270
49702
53064
21915
401
7945
22685
23317
27979
54746
1908
12101
13306
22453
23043
43998
42736
2330
9486
45016
10774
39514
52014
22828
39989
29908
3679
50883
20208
54372
21301
53506
51943
57571
14239
55483
58728
24284
4455
10375
18971
2042
23147
26084
51823
11467
54918
27375
12871
8163
20795
21224
2072
18383
29903
5987
48754
16165
25737
37241
20424
14755
51167
20403
12060
7829
25980
2450
13835
6401
35208
49637
1634
45478
49055
10688
13056
23227
45762
51069
20935
22188
9981
6805
50518
9282
14038
2395
39214
27179
50973
8087
269
20982
2885
6005
56754
41023
3023
7153
50850
21080
1473
55493
21058
56837
21697
13734
13209
19371
18721
51678
21567
34682
8216
18459
10376
10912
18524
7986
999
53900
50343
7103
14129
52437
24021
52990
21510
18354
9868
58319
55194
16635
11815
4855
21008
23114
57851
35199
3324
9095
1900
41875
3306
7372
26820
3526
5942
57135
27572
12320
35619
24440
21078
22598
13576
51768
5402
40741
54636
9216
6422
41347
6729
38187
20937
40655
41821
15775
15257
10009
17502
25055
27630
12607
22441
21993
37567
47166
1983
4399
42946
7883
24119
43856
39652
11784
19089
23887
55233
8910
49827
7139
28939
7457
22066
53602
4835
20390
51709
39610
28466
29817
16226
16561
52878
11012
45401
26834
4445
23275
14238
32598
33531
54598
23387
52617
16067
11934
5345
55201
57987
7977
40064
22033
53500
6765
35489
12136
20779
28947
4726
7575
26398
22193
48440
4075
6255
14852
9695
55770
57434
10206
10370
37491
51599
19694
27402
55518
35909
13414
14069
21373
20234
54851
20549
33393
23556
6161
55929
532
50046
28791
8921
19870
4157
25547
52958
3482
55
53927
24728
7649
19085
2043
16007
32727
27818
21486
26728
28962
26648
33471
52655
14433
11955
42826
9705
12926
53522
26925
24822
30353
10701
19496
8778
9385
760
4888
1029
10027
46927
33825
9488
5838
9583
30177
38322
31631
12374
37882
49962
31375
53233
36702
26933
24419
15385
12767
31484
486
56440
48856
16106
49217
18236
29512
52724
55378
25340
2192
2481
54660
45721
25474
56985
55737
45018
57885
9902
51263
18903
40518
50580
5382
51044
6106
16662
42294
5372
52196
55662
21081
3459
23498
51872
706
41461
37768
50237
41539
55186
22545
30888
24216
19899
19544
11568
2315
20518
54248
17659
4071
42484
55532
11671
55078
3382
19711
1789
19387
46248
5686
8873
49611
5278
18800
17109
9271
19004
18627
17430
930
7784
12034
10495
35792
25583
12085
17712
57157
46321
12440
51327
2168
23440
5821
10098
10693
48629
29772
26792
16185
34527
11554
14409
55506
23609
3565
17918
8097
3443
11574
40309
28244
43184
20341
43187
51694
15904
26456
27408
42770
17802
57117
51546
56432
777
19517
36361
26677
21313
51533
2688
6735
51601
24299
32732
18455
22819
18307
18094
6806
17325
58602
27522
39635
16437
13365
50803
23008
12382
21143
52846
693
555
4593
783
57073
6768
51178
7221
35631
24123
14970
19157
17099
13244
2230
1553
6358
3740
14800
8509
8379
5960
9084
26131
54486
12699
7738
12666
17193
19895
41042
5187
37620
18704
31877
21881
17455
11205
5056
18763
4155
26729
27270
22619
3982
17514
17936
12251
34574
4713
48092
13742
27666
12285
48150
7552
10019
52290
32605
14903
7393
34787
17564
7181
2284
4985
4779
54942
17014
35622
1229
48797
10346
56
2479
27435
18052
10526
22408
27534
55230
242
50456
47935
43684
33683
28772
4759
52257
15392
216
26874
45263
8471
54600
51890
24707
22695
20437
28412
3622
6263
25232
51846
23224
5540
39303
19593
13902
57994
53459
2577
26857
13108
20177
27410
57067
57057
46883
5851
34087
57478
9762
2339
13245
1662
16220
47603
27282
4195
52285
20759
49029
51801
36499
1075
2427
23156
3686
23028
58505
28927
8251
14463
51029
38967
51988
10352
55644
15859
4907
2416
9870
47528
1249
42007
3001
16495
9133
941
11879
3274
20733
6731
38369
11777
4282
7398
7967
48760
15046
4202
13871
31751
23004
28552
21959
8444
55353
52706
9591
21743
14565
2987
11958
22857
4210
8441
18540
9847
30073
11604
25593
53356
11404
34203
16558
55881
2667
9325
6928
26143
10929
1024
47002
5558
416
57776
12349
6151
19185
30214
43111
8878
14101
9968
18347
51027
36779
29655
58197
12030
2465
12387
49044
57177
20330
23837
30590
299
53706
16033
13167
8206
51530
6625
24953
52231
49781
14961
40344
14229
18706
3478
13286
7869
56445
42728
48785
12146
11061
2825
3545
25130
19272
14326
33366
17065
22752
37538
2838
7255
3438
52058
12117
57115
1904
46337
50411
8102
4830
16011
35409
55671
22098
30608
13616
22054
15668
7677
22109
15518
6792
16130
29749
13695
26103
15052
5025
41939
46142
3566
33628
10089
14757
38041
12260
27147
25895
9529
38816
13315
24685
18265
13843
22882
8898
2103
54710
3936
18980
9535
7755
40696
39052
30495
11810
23500
14999
19934
10866
11727
55530
53279
15644
5966
29622
50935
47602
14775
42547
40029
18886
950
32047
16755
16832
22185
33285
55651
15166
10353
58116
332
30447
2898
2625
41848
49476
2203
56344
51590
57320
44063
6788
37354
48565
16353
5724
53791
814
29053
14878
56640
24673
19975
16258
6268
1043
44237
20568
58270
39208
54879
1599
37983
40242
9675
28917
12711
25660
40374
89
4820
26944
22660
51577
2143
20028
31697
18271
52431
55305
14166
5573
22870
3597
50400
25117
3379
7746
26739
25250
40627
2678
25249
25305
58240
53810
4531
53974
14007
57408
22816
16230
52225
7927
43810
14340
15365
21669
24203
18112
49408
31197
18753
3574
4219
25851
23628
37352
46788
49199
51281
8580
41719
51653
51716
19744
37254
25445
4416
12934
38853
6020
5522
27491
12309
19489
5283
7627
11389
18675
7815
10287
48654
10454
13977
50857
1487
19804
30235
52365
9231
42633
23738
30774
35234
1407
19695
12981
4192
1444
15816
50781
55749
55728
23437
22120
46751
51527
52931
35493
38887
20519
54601
9226
20677
11845
17630
15453
46057
25757
19474
3101
10312
58191
56863
38298
11493
11128
51891
19284
12536
12083
10649
58435
16182
8168
2696
21388
55223
8850
34666
17657
25576
12682
14036
54128
2273
21409
58663
10286
25858
36241
52240
11246
51781
20354
8489
1633
28815
48988
56874
38915
21637
10818
281
52723
49772
22529
19960
42634
58698
55170
10230
54391
34893
23111
7834
43961
2626
9728
53127
8165
20782
1625
28527
15032
35633
24581
6393
22124
3611
13380
51265
15149
18805
13417
1477
5757
52127
35523
6025
50166
27828
13334
47881
21462
50151
57205
24873
28122
55466
31997
25574
27067
25852
798
19245
23599
24113
55406
35549
54018
6039
14726
35278
30135
34962
19506
11325
31341
29937
9737
5940
10004
14208
20463
42772
51181
22851
4448
26119
56306
433
29351
18503
29958
12052
53547
39887
54644
9564
13649
12781
26661
19561
53386
47929
2767
20382
20508
48426
53843
40182
15305
1758
160
10685
17805
20262
42308
8677
57260
30332
12346
48139
16630
1864
8339
18758
48287
4488
24919
44482
54434
33684
17493
43113
8354
25877
50228
1149
17600
11263
3861
10168
21602
39624
9469
24580
11293
3467
18460
24880
30657
24463
3192
19587
19705
51491
5275
50330
13292
12600
6537
11544
52537
21829
21348
20322
18381
24994
6635
51832
24131
56518
845
9566
50670
19033
25864
46308
29653
23240
11275
7106
14869
10719
49396
15081
12939
53802
51213
51666
53137
7953
30361
39494
5247
8135
9179
1138
44138
23861
57721
24997
9701
34829
55941
23377
11876
20558
1884
8289
15163
9006
9920
15439
20739
8765
58392
9104
5406
31487
7795
5335
1232
46058
56060
2786
13459
7511
2149
50305
3911
41501
8310
17172
2836
4457
20359
673
6679
8651
14052
13699
12700
24125
1917
6271
10130
18769
23836
24168
11113
49121
16439
49541
54848
4618
6860
916
51431
14812
13144
19062
11848
52025
283
6833
14616
49474
42806
25307
12723
34403
7479
12443
24364
26444
31358
14633
50368
15503
29119
7880
21209
8640
40829
7689
50788
9497
48620
58502
19483
53668
2661
5669
22267
48364
8079
26938
19177
38577
21049
35241
15393
53389
29099
19635
32037
12963
56457
43013
25399
12341
837
48087
7322
28010
34105
50999
5860
8330
9986
27854
28413
7060
11648
4331
25099
13638
23107
13715
28797
8584
15852
31480
48938
18843
18480
28387
24471
43084
58713
46180
50127
18868
10249
37945
7526
8535
57603
47651
48769
15718
9411
1947
57182
3464
4611
48854
1753
12328
26718
22163
10600
20432
6668
5255
56158
48164
40837
56940
19829
48839
47839
49534
17739
55630
57906
52284
52781
1158
2070
32461
8324
26822
36728
21227
58469
34966
39305
2358
2153
12182
53637
20451
11348
48074
32516
9403
21079
27318
47141
7628
54742
47897
53380
52209
41661
43093
54112
10834
56759
3657
27537
17852
48493
26288
24206
19231
21671
56280
1844
2956
8963
25304
23910
1762
23310
26545
6734
32050
23614
24579
29649
24087
3712
16596
16818
57887
21055
5856
4408
20573
56606
23020
11717
1291
55381
22108
57355
39606
31141
54653
50402
30920
18064
1337
41622
1457
21368
26284
27423
21817
6770
47388
6934
14085
22887
48709
49333
23173
11511
20220
25047
33669
13813
48726
5161
51940
14620
19423
17968
3115
20076
28553
15394
6359
6552
22966
18506
4548
54510
51586
57631
31894
14336
57610
5265
57427
49524
20245
32978
52246
21148
13703
29945
28618
17057
50455
37563
52843
12426
1219
50523
12816
48974
14547
41149
18150
51707
33149
54490
3970
50968
13740
25136
39990
10273
16344
10452
20269
33541
29464
21535
4313
13931
29682
18084
19402
11115
17397
16066
28951
55959
55605
10418
13168
1815
16685
20947
40341
46473
53913
33700
31055
2425
13828
11034
18463
9531
1909
17525
18795
53111
12124
55322
46667
1304
3630
5790
21185
20119
4257
29078
25054
6240
28078
9802
16060
7809
49068
8434
50948
56147
17093
48681
6236
16193
8541
21152
57133
27400
16053
31193
55659
10046
7430
12069
14622
18583
34386
29230
17257
3673
47866
58687
26012
7888
56794
52696
31337
42825
16735
18792
10087
25025
42910
25419
20788
1381
2281
3588
16298
17170
53277
26932
20864
25016
8526
51864
16082
34956
27262
515
27689
17337
20310
56320
16022
20082
14378
11091
34256
21424
28979
2220
18550
5517
48090
41961
29773
22624
31078
6956
57585
17693
49679
4465
24146
30879
52853
22151
37565
58143
3415
12632
35132
9508
201
28415
54778
20615
21173
5668
7737
10934
16949
58467
9096
29468
21584
37121
43786
9334
17674
11960
22204
19058
13610
56211
29957
25410
12511
27736
26257
15302
1358
1505
53793
15579
6141
39933
13584
17747
11650
3262
28488
32185
17640
10372
6146
25431
11740
8196
925
51225
33447
37702
48429
8273
54514
13904
13078
18036
19462
48430
26681
9103
32609
14131
14718
19135
13001
30502
12411
29240
10155
1885
19609
17748
16023
36961
16864
55367
38931
5908
676
41462
9314
21871
57359
14498
26813
31246
17383
4994
6588
53659
3877
3416
22657
15981
41923
24330
58703
351
17214
49497
26569
20416
27846
25692
9245
53896
2695
57326
17649
11723
49420
48258
23149
41318
9224
6185
21433
51544
32979
9883
17656
56711
56155
2894
8942
48975
19006
24842
32440
19132
17841
17876
56991
21126
33581
11403
21304
48026
10504
53538
34477
3488
12972
58553
3581
15655
12593
2350
41740
17645
11309
41109
33719
8099
48507
2673
34783
24498
53981
46428
38817
48283
7846
10293
8642
23974
6476
13942
19210
12430
11620
58754
18468
54217
14510
270
51236
12424
30227
5276
16723
48853
6524
22302
1701
19221
8522
27812
25925
7381
21890
10668
1892
5580
39445
44241
37769
18241
380
22382
58751
37527
22003
9046
14443
3190
19134
21866
3644
4821
52816
26598
6398
28251
17313
12257
16324
28255
6155
1344
14237
11269
27264
28624
19264
57560
8431
20156
47953
32864
20918
9183
24715
6653
25400
56293
13689
47721
35522
27237
43231
18186
54205
31206
6234
31150
25451
12804
33254
31719
6424
2650
50296
23357
40198
15286
10753
48567
51320
51140
5793
19642
41327
33948
5444
43535
57356
10330
8936
20278
16886
55868
32003
19955
3127
53129
5256
2955
50301
7499
50061
31494
29789
6536
40461
17196
24429
17293
5628
49400
1066
7951
40057
12358
12532
27687
2966
5737
30216
20097
21187
55759
36659
17962
23315
12858
14423
12720
5381
17585
55918
33154
51829
1174
383
27872
8152
871
55500
43398
39428
28900
46949
20435
24851
27910
20425
6042
8748
57847
909
13095
7808
1041
56364
1757
14303
44758
56183
16436
33582
52138
13102
5941
20311
40181
10301
58689
31025
1429
8128
11476
10580
56201
57127
42072
1286
36564
16491
13785
19913
27560
3337
22723
516
7122
58298
30166
48613
53414
19647
54691
57921
28351
46746
50297
47272
15789
57497
51397
1246
31054
21324
53346
4253
18144
30331
42524
8169
48499
23742
36217
33706
1363
56864
19466
13187
41540
55467
34116
15802
49807
14989
56718
41398
9174
19818
27428
30313
24820
42257
11209
14170
19102
5947
45585
9031
11947
13664
58688
48163
6989
30185
48365
20491
15973
14316
53648
3083
1188
24698
17683
24558
57687
12041
49402
2095
4263
23029
32499
7954
15447
8437
15277
46836
58140
23241
24415
3058
53661
18121
10498
56036
7237
3304
34011
38647
7743
7369
7070
2750
49765
7338
11538
8243
14051
24911
10882
19735
54344
49631
58342
6873
10702
25100
22795
9620
8598
13822
34273
30170
431
16668
42575
23314
19383
49549
11814
5875
18024
25826
30051
24846
16676
56041
51494
31014
15545
9634
32180
29815
29341
39072
56641
24920
1950
34967
10132
651
50606
4725
5846
23086
21256
28528
11360
33252
4074
27708
2430
10483
3801
50792
19971
30643
28551
53369
20535
21171
23549
517
18926
51363
58422
28774
35665
14034
52584
34896
23630
28811
13520
20352
5813
2422
52063
22765
27403
8808
50837
52301
19198
14598
6416
56926
53215
21065
50900
23274
11078
1534
1827
52245
17544
16407
20510
31164
49565
7697
3974
25862
17614
49778
24341
8653
3128
8726
36356
20118
341
55795
23136
16063
51744
15915
24022
20199
19238
9764
26279
50784
16819
7326
22249
50538
13210
24887
37844
6787
10195
55781
29657
5649
6378
4142
31492
9094
43185
14667
35663
5371
25552
51252
28647
50729
27852
17872
48920
31293
34506
47694
30317
58719
10050
49624
8893
56236
38814
9050
50272
51451
55746
14526
38160
42525
2136
10869
25554
8300
29246
7690
8449
25571
57749
2639
51006
10637
8222
25729
57167
25996
20465
19857
46695
1833
9954
9906
31017
3188
20590
19169
14719
12589
47510
136
8544
52841
23890
58139
2928
30376
44839
20892
37349
23035
26256
54630
9288
9669
49532
39607
36658
36454
10354
22023
6163
29370
27140
15849
27936
23137
52336
3002
35093
55108
6111
58456
55405
20836
55127
5870
13201
52391
3466
50934
13003
43085
49324
1223
8399
51650
12370
1243
18610
14078
16666
35280
5837
51775
21651
28538
2948
54923
1524
23217
33853
12420
30046
1576
51370
21437
56177
17445
6287
8009
6875
52388
11611
19291
10030
12562
17339
6183
10698
20698
55051
11679
3887
22028
12483
1780
3860
20122
54655
57543
21626
9927
29764
21957
17494
26102
8455
3399
13865
16294
16089
48282
49892
49489
26955
8037
18239
4019
21500
40486
53337
29086
4405
46042
1894
29113
15909
58413
18230
53399
7046
16733
53474
8780
20554
29061
55393
5789
49102
13924
9921
25883
52278
11613
16657
52069
31336
37191
2738
65
54157
19547
11560
35
3989
45310
18502
17033
26517
24117
58560
50039
19027
2980
11169
51811
4748
20293
6201
27930
56604
9743
18905
32744
56202
49535
21498
23426
17719
37426
18483
16708
21746
23350
14394
39334
22289
1040
9348
134
43252
280
627
11963
29799
47554
27676
52108
5586
5321
52142
2028
35487
8627
24221
26159
57467
27109
12203
552
8727
40025
25664
13238
35375
613
58591
1296
19015
24609
13141
6218
20460
15084
15943
48371
54631
2411
18990
54389
14293
467
13441
27981
7744
18767
49073
48420
11763
53787
13289
12094
56508
58053
4354
8913
17605
15530
51026
18569
13164
1515
51721
17166
37746
128
31895
3398
21855
32876
29070
56024
8504
50678
40975
48584
24900
50600
2848
15306
3077
55385
30750
51687
36380
21350
338
27568
13344
22802
5640
55960
15377
31340
5103
16973
13493
11370
22340
20970
4185
6694
1826
44279
32743
1574
55796
17001
16788
7513
42559
16212
23280
3572
22706
50785
56329
56053
34167
6624
35756
8731
5895
4023
2185
26261
21144
4352
8920
57154
34828
3595
20348
32736
4427
7067
3661
3422
19918
26622
28530
58062
29530
15868
695
37607
26841
55814
55720
7016
23178
1702
57576
50598
22272
13205
7524
7123
805
4566
13279
8807
49910
17386
57159
56289
44897
35378
12775
16526
9613
2888
4010
8929
21027
33613
50268
24604
20996
52346
10134
10251
41597
20825
23444
19666
25521
529
50638
56915
3769
16148
49752
3583
31058
23516
13397
13722
13780
4622
23329
13000
43048
41164
22520
22867
20227
30584
22300
11226
7283
53743
2765
48628
14969
56037
15207
15682
40971
14559
16255
44618
56290
26128
14046
28392
12665
440
25013
648
5039
24613
1967
8045
9923
19634
34546
13331
24772
56921
1945
13640
13555
19209
12003
14939
17761
12012
23191
16710
12291
13435
57171
12130
54506
7010
1375
9585
26399
55621
23091
14369
20584
38370
16329
54466
25821
11821
51297
54762
4400
8272
10056
9150
13019
13153
51696
26314
25983
21475
32314
16617
3027
12983
51916
56424
10327
22238
57698
3491
18945
8849
49848
47555
54081
5603
41855
4342
11563
49891
27239
49945
53048
48904
50726
40348
12321
21759
25958
51194
45725
54013
42595
18176
28482
2398
53965
14977
13894
37284
15951
27969
14916
20644
31526
58151
10893
25973
58323
5844
9388
5796
19927
35371
50721
24127
15675
55479
40620
50197
22935
31725
37035
41187
32873
29301
25404
48786
21414
53405
26701
58758
12359
34813
15912
17998
5198
24718
5680
19892
49219
50246
52783
5377
55812
15516
6815
8288
57909
24819
2508
52715
58187
22717
13478
22341
16976
20429
18578
13084
9626
52499
17704
559
20217
55094
23733
28766
28944
779
42173
58425
10374
28118
15505
15462
14345
42729
15908
50485
41444
39719
23271
5926
21130
12901
32178
30411
55799
34226
36661
1972
54640
9697
8982
20616
634
49038
24354
53079
15368
30614
31632
28688
52074
20228
22105
1523
2110
9709
10663
57716
27505
26594
13973
27488
4266
51837
27088
12933
42817
7565
22314
37145
20556
6443
11825
7248
12232
2101
47448
55315
12826
13632
4719
27010
19191
14084
15863
19668
51121
4751
37947
58241
25478
50694
723
11851
54548
29514
27519
53910
7731
9034
51980
30508
43721
4671
27297
14122
9086
14070
20896
32811
52825
10996
20932
13893
58046
39131
18642
13809
487
9942
35591
4283
28276
16767
51226
22318
47979
39443
53374
2561
6292
19459
38377
57161
20084
27518
12068
30053
16918
52942
32776
38826
26930
12613
6615
27771
2861
16299
10941
18533
52083
19720
4490
14829
48350
29541
8472
25510
54181
7325
49488
22101
29401
36937
11393
17156
14181
49642
2925
39900
1750
5003
39850
26583
23505
28292
53090
28064
2475
703
56050
8011
9534
22173
40346
53682
39709
54962
57587
16469
33994
9782
41878
18884
11166
11770
1183
6964
12206
19868
8675
51848
27502
11630
5325
734
18498
10650
34585
24626
12252
14790
2257
51679
55760
34857
3129
51013
7130
27487
20798
35243
3436
305
3189
58287
13812
58104
26008
16223
13697
6311
1051
31012
1831
954
22989
13183
4207
55915
6685
11593
53914
2884
54050
50227
7503
22175
21834
13013
14164
52383
27914
32032
8445
15822
14601
53919
24502
21879
11969
982
28567
53276
785
27350
53458
39074
15015
4442
18839
25531
2879
4552
58117
29529
58163
49002
7066
51963
11827
17102
6553
21966
27269
9296
22580
12081
21476
58331
4564
56737
1156
36383
52944
50101
15823
49399
54100
15835
1390
8669
53609
16083
32156
16552
5457
3973
9605
26000
48913
20029
13830
10530
26118
13985
2484
16192
35205
22305
9384
18818
21448
2595
50869
30043
19495
1552
15599
55448
23433
16467
14079
52204
3548
16866
15169
26643
50909
53403
12619
34953
396
4325
55042
52804
13204
54545
9866
13974
8779
6346
11973
13984
16077
49773
55507
31753
41078
21014
11349
13536
16642
31353
12153
16907
20455
53536
36194
13790
57758
54926
5511
24750
28211
26283
11585
41873
34719
31160
49566
33088
10806
45231
1298
58692
31913
5733
20266
52029
10604
12105
17452
26537
40208
20635
37671
19152
26065
44659
4901
22681
9546
41555
55384
10731
13018
273
841
49125
52992
57048
28814
30175
27843
25873
26849
47695
20764
56590
29257
2544
8708
26940
11231
13319
33711
17319
23885
49974
47449
25448
3794
57479
31354
57028
16473
43573
2261
24896
1851
10282
17717
38162
10248
57976
16805
11170
808
8156
6382
26869
28129
5533
52800
12965
31198
11458
31860
17163
20397
57174
51738
56373
20775
29617
6134
7621
23565
58401
18221
14322
28193
20783
420
11627
56068
56779
6703
4742
30451
51158
30312
19487
32585
11773
12151
26009
12806
52964
13568
46863
12517
49323
7684
36871
14522
12756
13759
3892
12566
13166
17587
52395
34617
7616
11478
5485
19801
5906
52440
8722
18728
4302
23384
1944
15977
43645
46420
6983
623
4047
18028
55878
2743
6701
54111
50972
475
26112
50811
18012
53655
42493
22983
32308
22947
25684
23455
21283
16293
24883
28226
26367
3764
58103
52834
6942
202
38547
53554
9691
1682
8593
51558
18906
16879
25464
56701
42908
50412
29796
57068
205
21782
1089
24817
2998
22043
35313
15897
54991
28383
5600
23869
32034
43130
6960
26943
19849
13375
9973
50810
49523
2080
8941
48841
6006
58697
41011
55894
35689
8077
45309
16378
16539
14461
11760
6171
7342
33427
1915
11092
22133
54457
18964
58137
17474
43189
8606
56742
51840
48144
56987
22629
15258
4329
23465
26236
26653
33849
15884
15241
17570
52201
19660
6045
7773
55876
23235
12922
8105
54629
8912
21150
26520
110
53262
4122
51925
57002
27241
31332
21600
25185
8828
50790
55386
58301
57299
602
52119
39513
21329
10074
20043
14937
49041
38258
10252
19163
10150
2250
21632
20839
49283
8630
18511
43733
14727
48514
56442
26201
3881
22675
10598
14393
15341
3445
12323
56510
27565
20192
11023
1413
27643
56157
31107
42540
57282
27536
27516
4894
51366
19140
19096
13376
27786
6732
9157
57289
57342
56283
38775
11318
9606
34826
45438
19667
10082
14338
14886
13413
57781
58447
7075
10264
26170
53328
11615
3704
6649
24437
42631
12363
3439
54496
50459
23098
33155
53040
28778
16647
2227
8302
16375
28062
52385
20428
11895
26093
6182
40210
26683
56227
35479
25391
56355
8381
8149
5694
54618
55726
49983
15332
1509
44137
18529
6540
12459
26844
46043
33145
20144
8758
6893
22024
4252
12707
28915
1294
27787
51978
51522
47445
4280
56598
8671
14187
8195
12431
12383
348
35913
21210
8602
2565
9013
14106
11156
6065
17418
2294
5835
8724
49666
20158
25065
11837
31205
5
57709
20291
3025
50762
19819
53420
35419
9756
47871
21121
55038
24163
50057
55174
6854
2931
16129
2407
12916
9875
20232
14695
9380
14749
24716
18770
8991
54708
5098
17300
54525
26662
11294
28376
38324
5735
17248
31608
9978
13944
4811
58024
13215
25807
54990
11341
30724
52657
21357
33143
56851
1698
16811
55324
18293
8718
51613
7668
29063
4438
22377
54509
53099
22701
52658
10180
15386
56607
646
6785
26246
15154
26380
7311
8632
12107
51268
20682
54220
6616
56799
23912
19071
56596
6858
3143
11781
21478
56713
51977
23616
51639
28641
43329
8922
17568
622
50311
10781
8843
9941
26391
18113
3465
25608
16916
30497
38819
12590
34263
24310
41428
49274
19388
18667
32017
50851
15583
20591
5996
20622
29046
21108
6229
57056
5267
16322
6480
11411
3775
5833
19324
48259
700
31351
49896
9530
44200
48833
50431
51686
52282
28924
910
13054
477
31498
23608
54883
51384
2775
36317
11635
51062
58743
12047
5148
25371
9322
50318
24264
3336
31162
48580
26410
53347
25882
7905
23044
16959
8230
19600
20197
45647
19828
17941
14554
146
27776
14842
57276
50465
2321
40092
58415
3781
24448
58706
39472
22295
20143
24303
7469
337
57274
12791
28555
24345
580
7035
32559
48149
13537
5843
51448
50373
10664
29494
8655
47134
452
10790
16983
15408
41859
27934
25986
20204
58598
32115
12530
18251
7569
34194
34341
11196
9757
24293
33165
54259
24727
13597
7712
13014
19262
2638
9345
27836
30891
22525
2071
11097
52812
44065
18010
52023
30915
47584
53319
53340
22001
28364
49249
27287
9191
7651
7515
1386
8816
10784
23547
49052
894
16090
3411
23383
32322
526
33291
44379
55325
19086
52261
5693
32188
16827
10584
50115
12837
16940
53367
8033
17861
16801
32274
13594
55524
7151
57053
12465
12955
10337
15623
8413
9249
28504
2514
18538
13185
58529
31757
1157
13674
6281
3339
26530
29100
51159
20674
15757
15125
57317
58299
44032
4066
49991
57465
3385
20532
7672
56327
25078
18977
24071
30466
16776
21613
3116
12502
2679
53465
3417
52912
14483
19289
42204
18951
6980
32582
56879
17123
54363
51594
22751
20537
7783
6704
895
9110
51688
24841
24894
51433
56702
16205
55541
14355
26850
6015
7400
9130
8404
2689
13071
13234
35602
6830
5132
53143
53229
42692
13829
10662
2871
8939
13154
30475
17140
23788
25277
36244
8201
58590
4577
45579
30604
51078
49428
1433
11531
18557
9020
19573
2978
4030
13055
52900
48515
55161
5139
11438
33996
49953
26856
27420
28476
56707
14152
12653
235
11076
14865
51729
52933
53675
49425
51166
17553
20475
15030
20013
18188
8322
11804
15266
2989
16202
19717
52761
10299
18794
9299
18314
3376
16909
14351
8110
91
23796
25540
21980
57872
17895
9341
29228
19917
21985
3765
682
24430
55815
18920
12173
17367
55882
7405
26675
17456
55871
34922
15050
21960
18206
13955
27941
10791
35656
15777
33161
52801
56622
43963
6484
48630
12486
39231
12716
12132
12968
47884
12414
19075
1379
20922
11268
12238
27814
52860
4716
9996
4908
31763
16663
38043
28631
6945
51287
9588
772
6912
26293
26846
1357
7671
888
2866
9241
51956
55382
18132
9938
884
615
7399
53067
5858
13850
9715
44478
35314
11282
20736
22560
43928
10717
16569
3666
18119
8604
1389
2918
7132
20038
7115
50135
30082
9886
79
15291
1572
15446
31896
26977
54988
24265
19389
54797
26935
7840
48117
11703
55775
55316
7061
19059
24575
5240
22714
8262
24836
5847
2840
10493
58617
32167
22811
58629
31581
10435
55460
19400
23872
58736
18357
48977
51467
58108
5245
142
10332
10197
21640
10275
27458
35795
43790
4551
56317
31921
18841
10071
52162
21858
56339
58399
26953
24196
57338
48433
55350
44879
56735
22696
9649
16706
26793
30582
48758
48222
15671
26927
5758
31022
14965
6017
16004
24915
187
13913
1124
24986
42635
9340
7679
3931
23941
24860
9723
19904
39484
10037
30914
16483
14401
15309
51380
9621
8189
9967
26266
1726
55022
25743
3549
7377
5041
43324
57457
1978
10217
25199
9849
5431
16650
5291
817
30232
10402
12546
41627
9773
20219
41736
29611
23003
35242
865
57810
7765
10807
3978
2104
11966
49390
54573
712
28011
31306
37843
56517
49250
20647
15488
31309
10867
18405
56137
50918
26272
8751
14475
28398
3677
52124
27644
12629
57390
41396
43471
21138
54096
26538
11392
3587
25730
31420
13352
18280
7550
7253
5340
25006
22855
1838
16288
56379
11257
58164
4396
14478
719
20854
12894
13811
2121
16341
18231
5863
2940
45903
2993
3148
21229
6441
20816
56152
24532
19098
28204
49066
13362
21222
27489
24454
9059
6736
22532
53529
49409
6996
58540
10433
52511
26684
43369
2451
19604
51968
10522
40131
5416
6446
15767
14723
9822
11145
49210
50528
51040
23320
35965
9177
23139
19651
58174
55635
2622
27207
16261
14276
5140
58601
55806
6738
979
9937
20882
6011
48925
6511
37981
21172
11713
19963
11173
4607
18948
54809
24269
6157
4848
12334
39568
17495
42495
17369
34856
9795
8663
47348
2594
25056
19375
28481
29323
9024
34646
25325
50225
21168
25945
5750
29801
49634
36705
17815
2796
3752
56592
520
10720
7330
58622
26122
10959
28279
4989
15208
27246
39915
6460
23914
40797
41399
40488
7611
5923
12405
7546
28082
33011
13663
28520
22307
4316
21431
23413
46811
53676
43159
56466
18834
37908
52924
10797
41698
57077
14580
21635
2052
26526
4156
24901
32441
42539
14577
51253
14451
1503
31196
18275
17110
51429
51398
9879
4703
18541
28898
5622
20142
37102
30727
54648
17594
12654
3523
6391
32158
23375
20048
11373
13606
23937
30611
45034
42979
11121
33838
24356
27347
650
13603
51177
10068
21903
54823
929
56278
39066
10256
48990
21361
7930
29022
17814
50858
240
36822
8790
36501
6741
2391
14918
12889
30777
54066
51208
56699
58178
52065
13118
55926
25615
25104
1061
20379
20709
49264
53766
48962
38303
29915
29473
24137
24169
31694
22878
58763
12113
39094
32136
25871
12184
11250
33641
56371
19270
33979
19153
6868
6041
7215
6184
1076
52709
7206
48678
6911
35250
49395
2138
19590
30862
57215
15197
54987
26578
7988
13407
41601
8706
24040
40303
56207
57636
498
52636
55235
49782
55057
18129
17925
20737
30031
16421
272
29995
2141
1017
1720
10642
25993
50730
21443
22827
11759
32419
55103
52085
13217
27711
3380
32252
9016
27431
11975
28671
56374
50602
10974
33964
15727
6902
8830
49478
8263
27578
54351
11014
21816
51917
6444
6445
1680
33965
756
10621
1823
5417
26703
1657
9134
54492
24628
12817
16301
15123
20050
13293
51414
26308
17661
3391
18611
5716
10013
1516
7189
53351
39169
8579
7463
53545
53964
53081
12428
6413
5312
48435
24895
14220
27499
6974
48003
1438
29895
5028
46884
5242
14372
30740
26085
21164
36919
11149
56343
20170
664
12300
2061
8187
23438
52757
45958
328
10971
17269
8496
13229
1936
52002
50659
50163
10575
14766
25176
8018
14809
1933
22201
9671
14993
5747
8857
18127
18526
45031
13648
6360
23883
19879
41073
48619
56033
54222
28368
13243
16981
11926
13559
19012
27679
7137
21022
11447
14080
47252
33113
53699
31335
18395
21541
7494
26784
32297
13679
56288
57051
52280
36521
11551
2212
50123
17175
29382
19824
24172
28215
1962
53540
56783
52597
32302
53192
53183
53894
4967
14693
25742
25786
10096
21220
8543
631
21531
714
22316
14600
40628
21741
15837
4456
26991
50867
14496
51748
7138
18813
5128
31016
33472
58607
21631
56569
13509
3254
48400
57020
3066
56842
30925
8332
52791
37430
11806
22158
26732
16085
1393
19271
1168
58169
39791
19227
9168
28651
54046
2563
57913
54127
51418
41678
6577
30055
20317
18592
21425
23667
28394
5482
21137
53360
3084
27712
56871
51016
48313
8484
25960
7127
1919
15272
3134
681
9683
7320
21845
33575
15424
11744
55860
50933
25524
323
3441
17609
2823
7735
3145
51597
5142
17874
22346
26440
18279
11754
9619
39546
8374
8827
21579
10290
29807
35801
8547
55664
43647
47809
18976
21764
45481
15391
6349
17880
20005
5705
24222
16475
52808
5367
5149
48487
3995
14515
860
50936
41322
26956
12906
58524
7262
23249
14265
50334
21149
21037
37767
10683
49495
7354
53702
14929
25093
26990
37353
50304
13896
28385
12908
4638
18799
31207
11351
20721
7082
10243
39609
51735
7682
16356
1087
39584
12848
18073
1873
56192
37402
24152
17995
58445
5799
24338
32683
14488
10462
28081
49271
32579
49826
22715
3484
34716
56169
56220
6776
3220
26710
31153
13300
19858
13006
28643
12167
58193
48358
33121
7615
3268
16905
7753
14981
8044
3483
2338
18035
16238
4431
6998
18643
15432
55457
56575
27683
7033
15001
18172
48557
14072
11799
13932
23807
19464
19463
203
6520
54110
49384
43299
20600
16229
11747
21276
50604
11512
12868
22587
38093
58671
834
42771
32035
22736
1364
12224
17881
5285
11779
58130
24165
42626
53469
47371
51889
42314
54917
2960
1139
51046
15552
49358
11555
51317
6498
6930
20553
22868
37400
47934
24055
51449
46864
17206
25137
53840
51402
24197
20326
50453
46106
7874
18281
54513
10283
54530
15025
9873
24568
48834
2025
16605
32530
24739
14111
6160
13294
26287
7519
18542
36497
12056
17978
23908
22524
27514
30357
18695
20867
13080
2693
57253
8597
50705
51413
23757
19492
7681
57194
48926
10233
40903
10436
57321
11247
20490
46974
19482
52495
19906
1021
37741
2683
14833
19138
8628
3487
54818
20633
333
32455
53321
42
3270
17068
9616
24014
56594
49258
10751
5935
18329
9939
13483
32765
5557
19649
14934
2106
57878
24352
57626
27075
31152
28268
6797
56218
20384
20966
11948
33588
21821
9712
13665
52918
9482
30220
13666
20321
20579
5899
20077
39638
12608
26132
33845
52054
9674
34827
21142
51500
24591
41384
24323
31999
40972
30799
54750
39655
1813
1731
30882
6105
9804
20408
16493
50905
8903
19815
3509
27668
8804
28660
390
40042
54263
55763
56348
3589
18297
57546
22698
51102
53092
44983
22531
4034
8486
50088
3475
14030
10038
48566
55755
52153
58300
54610
20976
422
46324
13744
8013
4540
2
10619
8460
52337
16791
13979
7201
42590
1615
49625
35231
27493
3652
8511
20246
50409
45867
12652
15987
17648
34274
8612
32863
10175
1419
12702
9876
16364
11782
13721
57853
44480
19598
19560
6931
48281
25392
18625
27524
27006
7480
40304
30315
31488
54071
53654
19165
38637
8389
27366
722
54955
2233
35348
2793
24358
9720
41287
38966
18738
597
10966
55216
55104
49382
58739
51517
52645
4180
12026
10513
54568
55948
39237
9768
18832
20443
27796
4610
45893
26168
42117
12412
49744
17579
9052
56936
55727
28763
4568
2944
1934
11022
56520
6681
7391
48989
43230
21898
15764
16097
7339
11994
56927
30749
4309
4125
17006
7987
2452
4983
34784
25987
1930
11998
21715
7501
54060
26277
9315
13680
52411
17138
48007
57600
19340
15369
56765
11213
33228
13193
5936
1588
6659
13930
2178
54669
343
24749
29201
4903
53784
12735
48644
13051
14188
42589
49135
24162
24496
57775
4541
34258
31972
26142
57503
5376
8897
20135
6990
56775
48912
15701
3373
22480
55383
50583
19589
55797
50836
24614
56151
10936
19469
5125
16411
56651
21064
28275
3725
7740
55765
17830
1964
2115
23050
30936
17688
13731
22768
3919
9719
13975
22394
4151
16032
48354
53244
2317
23669
4824
30215
5549
43874
9055
18319
2735
7231
2333
48700
49805
15352
24017
32695
43534
51497
15517
1405
3632
57875
13447
26429
1185
52200
3418
27133
26251
51993
32326
31857
57759
8070
34063
8238
25417
24141
13281
23459
33771
3815
16199
15797
6361
658
15475
29792
3000
976
16969
56101
5261
52995
8866
34193
54771
19111
2865
21199
23978
16597
19754
9072
28139
43861
8548
5274
5246
16988
14082
48508
24552
15027
35172
52917
25338
19772
16595
18124
21548
55470
7252
3540
23734
56326
46774
53811
5396
54747
9578
15699
20575
14403
8583
25823
9894
54353
15998
34538
37705
7971
1395
51097
50683
18305
18807
26858
54188
5827
3940
18881
26842
48569
1235
26715
52722
35245
2910
15300
14073
26425
12677
32594
3425
20589
2051
23834
1703
22904
17796
14782
54546
23290
57599
31974
3756
7617
52994
19427
40197
51298
17636
11243
26592
41159
16203
9221
995
18986
18573
53239
16970
19978
23016
27840
2530
18565
55588
18203
17008
52367
8685
20704
21704
58397
12307
50112
40027
1131
58457
581
40937
50608
24694
44380
14867
29245
3866
5468
18708
21193
4288
34548
50757
17499
18688
55252
49761
8899
57140
50037
10218
3249
57613
7985
57327
57638
34540
21434
2749
53338
4031
56015
17462
1056
24267
51941
15972
51733
7614
5318
49623
7902
5316
16121
13963
22060
25722
30184
57710
31768
19143
51258
1618
22136
56361
22820
29208
26013
41856
19862
2041
55952
25456
2923
19653
10425
1673
7392
14450
21132
23531
14672
26393
53673
10426
26579
5395
5307
56312
49404
30467
57962
3370
53967
34676
21408
57733
13372
19797
16583
22304
16521
24957
15722
38260
53829
8059
16388
35452
29389
24952
5477
24154
5250
24979
46041
15687
36424
30594
15648
8761
16643
29124
9644
50103
19392
23331
21181
8236
5609
29238
30889
10316
48432
13573
50674
37770
1016
11520
55908
30551
17851
41663
6995
8845
58203
32669
1568
51526
4992
9260
49671
31077
24334
8914
28619
16413
53971
8317
22964
22953
7508
2964
5040
24396
36382
29264
36633
33576
19549
43397
54966
52721
5781
10569
510
25590
37631
26428
21668
34198
12172
18895
6705
15812
20078
48307
23301
3164
31834
19285
21842
26851
21530
12283
9975
2748
14398
32469
18826
21215
6895
51537
19255
11443
8286
19455
18537
46901
34260
15247
11687
56358
17592
7384
15774
18851
9831
6644
14146
11656
49677
2604
13379
436
50257
1689
25568
54488
19061
31770
35410
8820
37740
19920
7643
8377
35340
32837
48304
49888
5991
9557
52568
54067
24292
5436
15168
5097
52681
10862
22846
18686
58394
5062
50826
2513
33054
6959
21447
13068
2335
522
16707
9561
26148
15022
56438
17976
41714
10515
46148
12853
54814
49775
56564
13604
6123
14628
209
33290
54792
56035
14258
12263
2543
30472
17831
51008
56768
23893
46056
12391
20258
15788
53909
54063
47837
27638
24563
44701
19951
50012
14938
57264
19417
30689
56439
22035
57169
31490
8086
12138
40480
21551
7925
23803
28201
8954
50027
47591
29654
58110
1898
19657
18149
14688
29321
51521
21867
17735
21453
29538
54906
34830
31578
28239
17676
3585
18175
46555
53082
23192
2990
20810
36033
50680
15094
11505
14104
55070
22399
9039
1305
1383
26416
54609
56629
24202
4250
3225
14383
24966
13595
10879
27945
15620
19608
11168
52986
22544
29814
14721
16890
893
2364
1312
7112
28188
55213
2771
10876
49543
20347
49956
8032
21319
27073
23530
54336
58710
9517
58756
4118
29045
27579
54358
22236
53130
4414
29330
50931
34129
9437
32588
2782
2507
2421
17122
55371
24138
26585
25298
14202
660
483
25720
30071
18341
20411
50033
5200
3131
25432
19864
27996
58244
6721
30169
20438
32321
10820
27650
11198
52297
17379
25747
767
10491
9571
15628
7034
3266
9238
46195
22261
19471
16037
12930
53180
14665
3049
7756
45760
13905
18973
9718
16429
9910
37739
24118
18063
17191
50662
13121
564
48699
16877
25103
13489
53125
54210
26596
18501
24574
58052
15410
7816
19526
47182
815
13611
58503
8101
50131
12709
16214
19044
3575
21731
10769
11484
4898
28833
21266
57296
2740
3125
18970
5836
7217
32867
41958
16641
20035
8741
49339
4818
13802
20793
30606
16107
17741
24903
30734
19158
55589
8112
57151
26827
16759
8809
14086
57826
49032
11662
30333
5160
1196
11124
23572
19115
20210
13912
33577
182
9371
23617
7267
26270
19020
28108
50317
54328
58461
10847
44206
52703
56568
11136
15709
24339
16417
17447
51931
32298
25587
48657
25312
2668
52123
56196
14540
23976
2539
51419
4261
52250
446
5579
17628
25971
4026
55663
55090
14930
33425
46697
3737
1279
35001
14490
16817
5884
21131
28523
17780
16555
53419
25999
57770
18517
14292
13678
303
10314
3879
14860
10232
24776
39611
34508
23088
9473
17711
11154
20747
35388
12768
19065
22016
50796
49850
10100
17736
23418
7093
28512
20711
43110
24570
52296
58029
20399
8783
16061
15758
7331
41319
11410
40199
25888
24782
31750
40301
56850
5660
17773
24590
50863
16118
321
11001
14232
52016
5151
16008
2197
47416
183
10809
24052
6493
6906
23767
3075
18211
15618
51515
3103
2002
56300
15949
20070
54109
2187
12074
21489
18913
34812
7891
11894
21218
462
40302
6667
51409
9903
29472
38235
33227
14555
19742
25161
10609
12625
57472
52171
13805
41115
8909
51593
49845
21691
49112
7019
2538
20010
5235
3374
25231
7538
9765
6153
9194
49282
3352
57567
28224
17706
19836
50821
26783
13139
11409
19454
27017
31835
19995
50176
55937
45729
28745
25477
33574
20773
22749
37910
16103
7270
5798
87
27557
8092
48483
48556
2992
40483
53221
20741
58725
4883
5679
16171
33923
8
11186
2548
36102
56216
1710
4628
17358
28743
14998
14530
22604
16047
54350
10505
16987
26507
3870
8406
57685
13476
12954
27122
13224
55492
16138
12223
52433
30644
17695
10977
17980
2562
34810
52019
51681
7455
43547
5722
42383
21405
30309
52242
24443
4869
30742
50941
18957
15062
51243
23802
27832
8760
23430
3986
18872
36641
14858
22103
12000
6143
828
33008
12573
32000
52807
26976
22822
11928
25134
14487
7451
20809
