49156
40966
32777
49164
49167
40978
32788
49173
32790
57367
57368
49172
57370
57372
57373
57375
32802
57379
57388
41005
32815
32818
32819
32821
57398
32823
41016
41014
32826
32829
32830
32832
41025
32833
41026
41036
32845
49229
49231
49233
32851
24661
49238
24663
8280
8281
41050
24667
32858
41052
8283
49247
47237
41057
41058
41056
41051
32861
41064
41065
41071
41080
32891
41083
32893
32894
41087
41088
41094
32906
32908
32909
49293
41104
49302
49303
32921
32923
49311
32933
41126
57509
41125
32938
57516
41133
32943
32944
57521
57523
57525
57526
41143
32952
32953
32954
41147
41150
57535
32960
32958
57538
57539
32964
32969
41168
41171
24791
32983
41177
8409
32988
32984
24800
49377
32992
24803
49381
24805
41189
41197
41202
41203
41205
41207
41217
41220
30988
33032
33034
41227
33041
33042
41238
33048
41241
49435
33059
49444
33061
33063
41259
33068
41261
49454
41265
57655
33081
57659
33084
57662
57663
57665
57668
33096
57675
33100
41293
33101
41296
41300
33111
24926
24928
33125
24934
49513
49514
24937
8556
8555
24942
8557
49520
41329
8562
24947
49521
33141
33142
41337
41342
41343
33169
33172
41372
33181
33183
41375
41380
49573
41382
49577
49580
41389
49583
41393
49587
49589
33206
57786
57788
33214
41408
57792
41409
41413
57798
33225
57807
33232
33239
33245
33246
41443
25062
41449
49644
41452
49646
25070
25081
8697
25083
8700
8698
49660
41476
41480
41482
44958
41484
41490
41495
33308
33311
41505
33315
41508
33319
33320
41511
33322
33325
33340
49726
33344
49728
49735
33353
33354
33355
41551
57936
57937
41554
33363
57942
33368
33370
33372
41564
29428
33377
41570
57956
41572
57959
33387
41586
33394
41590
41591
25208
25210
49787
49788
49786
33406
25215
33408
33413
49798
25222
41608
8841
49800
41612
41614
41616
41620
41629
41632
41635
41636
33445
41638
41644
41645
33453
41646
33459
41652
33460
33462
33463
41655
41654
33466
33468
41660
49854
33475
41668
41669
41671
49865
49866
33483
33485
41682
58067
41683
33495
58074
41692
58078
58079
41703
33514
58091
58092
58097
33523
33524
41723
25341
33534
41726
33536
25344
25347
33540
49925
41734
49927
49928
49929
33546
25354
49931
33547
25359
33551
8975
41743
33552
49937
33557
49942
33555
41752
41753
25375
33589
33594
33598
41794
41797
33607
49996
33614
33616
33617
33618
33619
41812
41811
33622
37618
41817
33627
33629
41824
58210
58211
33635
33637
58214
33649
41842
41845
33655
58233
41850
58237
58238
33663
33664
33665
33666
41862
25480
33674
25483
41867
41870
41871
25493
50071
41883
50077
41889
25506
41895
25512
25516
41908
41921
41925
33734
41927
41931
41934
41935
33752
33753
50136
41948
50140
50142
33760
33763
33764
50149
41957
33767
50148
41955
58349
58350
33774
41968
33779
58355
41974
58358
33790
33791
41986
33794
33797
41990
41992
58377
58379
33804
33806
41999
42006
33819
50207
25633
50214
50216
25640
50218
25643
42029
9257
42033
25651
47432
42044
42046
42049
33864
33865
42057
42061
42062
33872
33874
42068
42069
33881
33882
33884
50276
33894
42090
33899
33905
33907
58491
58493
42112
58497
42115
33933
33934
58519
42138
25761
25762
33957
33958
42151
25769
50347
25773
25774
42159
50350
50355
42164
9397
42163
33976
42175
42178
42188
42193
34002
42198
42199
34008
42200
42202
42207
34018
42210
34023
34033
50419
42229
50422
50423
42232
42234
42238
34055
42252
42259
34068
58645
34070
58648
42267
42269
34079
58657
34081
42273
42276
42282
34091
34092
25901
42286
25904
34097
42288
25907
34100
34101
25911
25912
50490
25916
42300
25919
42305
25924
42311
25928
25933
25935
25936
42320
25938
42322
42331
34141
34143
42335
34145
34157
42351
34161
34162
42362
50557
34176
50561
34178
42373
42379
34189
34190
34191
58779
42396
34209
42402
34214
34216
58796
34220
58798
34221
42416
42421
34231
42424
34233
34234
26048
50628
42440
50636
26070
26072
26073
42457
42458
26076
26079
42464
42466
42469
42471
34280
34283
42476
34286
42481
34294
34296
34297
34302
42501
34313
34314
42506
42512
34326
42519
42526
34335
42528
42529
42531
34348
34350
34354
42555
34364
42558
42560
42563
42565
34374
42569
26185
26187
26188
26190
26191
26192
42577
26194
26193
50772
50776
34392
42585
42587
26207
42592
26216
42602
26218
42611
42613
34424
34435
34437
34448
42646
42649
50843
34464
42657
42658
42668
42672
34480
34491
42689
34499
34500
34502
26327
34520
34521
34522
26330
42717
26334
50913
50914
42723
42731
42739
21521
26359
34557
42754
34562
34564
42757
34565
34567
34566
34569
34576
34580
34588
34589
50978
34596
34597
34604
42799
42808
42812
34622
34623
34624
34636
34638
42841
34651
26460
34654
26465
26471
34664
34665
26474
42859
42863
26480
51059
42868
26487
26489
26490
26492
26493
42879
42881
42887
42888
42891
42894
42897
42903
42904
42905
34721
42915
42919
42920
34729
34732
34734
51120
42929
42932
34741
34743
34748
42941
34759
42958
42961
42966
42972
42978
34788
42982
34791
26600
42985
34794
26603
42994
26611
34804
43001
43002
51197
51200
51202
26627
26631
43021
43026
26642
43030
43032
34840
34843
34842
43037
34845
43042
43044
34865
43061
34870
43063
34873
43066
34879
34882
43076
34884
34886
34903
43097
43099
34913
34917
34929
43122
34932
26741
43124
26743
26745
34939
26747
34943
26754
26755
43139
34947
43142
26756
26757
26765
26766
26768
43156
26778
43165
43166
34976
43170
34982
43183
43197
43202
43203
35010
43205
43208
35016
43220
35031
35049
35054
43248
43259
26881
26882
35075
26884
26887
26890
43277
43278
26895
35088
43284
43285
43289
43291
26912
43297
26918
26920
43305
26923
35115
35123
43315
43318
43327
43336
43341
43342
35152
43346
35155
43347
43352
35162
43358
35167
43362
35176
35179
35186
43385
35194
43400
35210
27022
35214
27024
35216
35221
35224
43417
43418
35229
43423
51617
27041
51619
51622
27048
43435
46082
43437
43441
27057
27059
35251
43445
27062
27061
27065
35263
43456
43464
35276
43473
43474
35283
43479
35287
35289
35291
43486
35296
43493
43494
43499
43505
43512
43519
43520
43523
43524
43527
43537
35350
35351
43542
35353
35354
43548
35357
35356
35359
27168
35361
35363
27172
27173
43558
43559
24939
27175
35370
43557
43565
43569
51762
27190
43576
27197
43583
35391
35394
35395
27205
35401
43597
43600
35417
43613
35423
43617
43618
43620
43622
43628
35437
35439
35447
43641
35455
35457
43653
43655
35468
43661
43662
43673
35485
43677
43680
35496
35497
43690
35499
27311
43696
43697
27312
35509
35510
51898
27323
51903
51904
51908
27334
51910
27340
27342
27343
35539
43743
35561
43755
35565
43757
35568
43766
43770
43771
35579
35582
43775
43776
35586
43781
43797
35607
43799
43802
43804
43805
43807
43811
33131
43813
43814
35625
43819
43821
35635
43828
27444
27449
43837
43839
35647
27459
52036
27462
27463
43848
43847
52048
27478
43863
35671
43866
43870
35680
43876
43880
43881
43883
43890
35707
35708
35715
35716
43913
43921
35734
35737
43931
43935
43936
43937
43938
35748
43946
43954
35764
43959
27580
43966
27583
35780
27589
27590
43975
43974
43976
35786
27592
35788
43980
52181
43993
52190
27614
27616
35808
35810
35811
27619
35813
44006
44005
44009
35818
35820
35821
35822
44012
35832
44025
44026
35835
35836
35838
35843
35852
44046
35856
44051
44053
44058
44060
35872
35874
35876
35878
35879
44072
35882
44079
35888
44082
44088
44093
35906
44105
35915
27723
35918
27727
27730
44115
35926
44119
44121
35931
52316
27740
27743
52320
44129
27751
27752
52328
27754
35948
35953
27762
27763
44146
44151
44155
44156
44158
44163
44164
35972
44170
44171
44176
35984
35986
35989
44184
35993
36001
36002
44195
36017
36020
36021
44220
36029
36039
44234
36042
44244
27861
27862
27865
27867
44253
52453
27878
36071
36070
27882
52459
52461
44267
52463
27883
52466
52471
36088
36090
36091
36093
27904
27905
44289
27908
36101
44294
44301
36115
44323
36133
44329
36137
36140
36141
44335
44336
44337
36150
44345
36157
44351
36161
36163
36172
36178
36181
44373
44385
28003
28008
44396
52589
28016
52592
44404
28021
44405
44412
28031
52610
52614
28039
36232
44423
44431
28052
44444
44446
36254
44449
36258
36262
36263
36264
44458
36270
36276
44468
44471
36280
44475
44486
44487
44489
36299
44495
36305
44498
44497
44501
36312
44503
44510
44512
44514
36323
36324
36329
36330
28143
44528
28145
28147
44533
36342
44537
36347
44539
28157
28158
44543
36348
44546
36350
44548
28165
28167
28168
44553
52748
36365
28174
52750
52752
28180
44565
44574
36388
54451
36392
44587
36403
36406
44599
44600
44598
36413
36415
44611
36428
44626
36436
36437
3669
44632
44633
36444
44637
36446
36448
44643
44644
44645
44648
44652
44656
36464
36468
44667
36477
52868
36484
36488
44680
52874
28299
52883
36503
52888
28313
28311
44702
36511
36512
36514
28322
44710
28327
44714
28330
36525
44721
36532
44725
44734
36547
44739
44743
44744
44761
36573
3808
36580
3813
36581
44775
44772
44779
44782
44783
3823
44788
36602
36606
36609
28421
36617
44812
53006
28432
36625
28434
44818
44821
53014
36631
53017
53021
53023
36642
53027
36645
44838
53033
53035
44844
36651
36654
36653
44848
28461
44854
44855
28472
28473
28470
36667
44858
36671
36677
44871
36682
36683
44880
36689
44884
36701
44905
36714
36721
36723
36724
3955
44918
3960
44922
3964
44926
44928
44929
44931
36741
44935
36743
36747
36748
44943
28562
44946
28566
36758
36760
53146
36763
28571
44955
44957
28575
44960
36770
28579
53156
44965
53154
44967
53161
28585
36780
28592
36785
28595
53173
53174
53175
28600
36793
36794
28599
44989
28607
44991
28610
36807
36808
45002
36811
36813
45015
36825
45020
45022
45023
36832
45029
36844
36845
36846
36849
45042
45044
4087
4091
45053
45054
4095
45056
36863
45059
4101
45068
36877
45070
36885
36886
36888
45081
45079
28701
28706
45090
36898
45093
36903
36904
28711
53290
53291
36908
28717
45100
28716
36909
45104
36914
45105
45110
45112
28729
28730
53306
36925
53311
53312
28737
45124
53317
36933
28746
45132
36942
45136
36945
36946
45139
36949
45138
36944
45144
36954
45146
45153
45154
36967
36968
36970
36971
36984
45177
45178
45179
4228
4229
45195
4240
45201
45202
4243
4246
45206
45211
37020
45213
37022
37023
37021
45217
45218
45219
45216
45224
37033
45226
45230
37039
45237
45238
45239
37045
53433
45245
28862
28863
53441
28868
37060
37063
28874
28875
28882
45274
37083
37084
45278
37087
45281
45288
45296
45302
37111
45304
37114
45319
37128
45321
45322
37131
4365
45326
45328
4371
45335
45343
37152
4386
45347
45351
45356
45359
45361
37172
45366
37175
45367
53566
45375
37184
45378
53572
53573
37185
53571
45385
45388
53580
45389
29008
29009
53585
53584
37206
29018
53596
29020
45407
29024
45408
29026
45411
37221
37223
29033
45415
37237
37238
45430
45436
37247
37249
45445
45446
37255
45460
4504
45465
37275
45467
37280
37281
4513
45483
4523
37296
45493
37302
45496
45497
37307
45500
37308
29120
45504
29121
37313
45510
45511
37322
37323
45516
29133
29132
45520
29137
29140
53716
45524
37335
29144
37336
53720
45531
29148
53723
37342
20958
29143
29147
53729
53731
45534
29152
53734
29153
53736
45545
53730
37346
29157
29165
37360
29169
45552
29170
29171
29175
29176
29177
37370
37374
37378
45572
45573
37392
37395
45593
37409
37410
4644
4647
29224
37418
45610
4654
4656
45622
37431
37432
45628
37436
37438
45631
37446
45642
29260
45645
45646
29268
29269
37461
37462
37464
25357
37463
45662
53854
37477
29289
37482
45675
25360
38612
45678
53873
53875
29304
45688
53883
37503
37506
37507
29316
45700
37509
37511
45707
45708
37515
45711
45714
45724
37535
37536
37542
45734
37544
45737
37548
45741
45742
45744
29361
29362
29363
4788
4789
45746
4791
37561
4800
4803
45768
45771
45772
37583
45777
37588
45783
37591
37595
29404
37597
29407
45793
37603
37604
45798
45799
45800
29417
45797
53992
37612
53997
37609
37615
54000
37617
45808
45812
21236
29430
45810
29432
29431
37626
54011
21244
21242
54014
54008
45824
54024
29449
29451
37645
29459
37651
45845
45846
37654
45851
37660
45855
37670
37672
37681
37682
45878
37687
37690
29500
45885
37695
29504
29503
29506
4931
29507
45884
45896
4938
37710
37713
45912
37727
45920
45921
37731
37733
37735
29546
29547
45932
45930
29553
54130
45939
37750
37753
45949
21375
29571
54147
45955
37763
45960
21384
37772
29582
29584
54161
37778
45971
37780
54165
37782
37783
29590
29588
29594
54163
45972
29599
29600
37791
45985
45989
45991
37803
46000
46010
37822
46015
37823
46021
46026
5068
37837
5067
5071
29644
5075
46038
5080
5082
37852
37854
46048
37857
37858
46051
46059
37878
37879
29690
46074
29691
54270
54271
46080
54274
46083
29700
37891
37893
29703
29704
21513
37894
21515
21514
46094
29712
29713
46097
46099
29716
46098
46100
29714
37912
29720
54298
37913
37915
37917
54301
46112
37922
54307
29732
37925
37926
37927
37928
37929
29739
54316
29741
29740
46128
46132
37941
46135
37952
46152
46158
37969
37970
46163
46164
46167
46175
5217
46179
37987
5222
37991
37993
46186
37997
37999
46192
38004
38007
46202
46205
38016
46209
46216
54411
54412
38029
38030
38031
29838
46225
38028
21653
29847
54423
29849
54424
29852
54429
21662
46241
21666
46243
21667
38054
29862
29865
38061
54446
38063
38064
46254
46258
54450
46260
54453
54454
29878
29880
29877
38073
29879
46266
38083
46277
38104
46297
46298
46296
38108
38109
29918
38111
29919
29920
46306
38117
46309
29927
46313
46317
5358
38126
5360
46328
46329
46331
46345
29964
38156
46349
29972
29973
46361
46363
54556
29980
38174
54559
54562
54563
54565
54566
54567
29992
46377
46375
21806
29999
38190
38196
46391
30008
30009
30011
38204
30017
38210
46401
30019
46405
38213
30020
38217
46672
46411
38214
46674
38224
46421
49932
46426
46433
46436
46439
46440
38251
30063
38256
5489
38257
38255
46453
5494
46455
5497
5498
5500
38275
38282
38289
30105
30108
30110
46497
38306
46499
30118
30119
46503
30121
54696
38316
21933
38318
46512
46514
46515
54707
21943
46521
46522
46524
46525
54716
30146
54724
46533
46532
38341
54728
46537
54729
30155
46541
38356
46549
46550
46554
46561
46566
46567
30423
38380
46573
38383
38386
30198
46583
30200
30199
30204
30427
46591
46592
30209
5638
38408
46600
38410
38415
46615
46619
46631
46634
30253
38446
38447
30256
30254
38451
30260
30262
46646
30264
54839
22072
46652
22077
46648
30265
22073
46657
38460
38469
38470
54857
46665
54861
54862
30287
30288
38477
54863
38481
38484
38482
54866
46679
30295
30297
30298
54874
46682
30301
54870
38495
38500
38505
46704
46705
46706
46708
38518
46712
46715
46716
38525
46718
46719
38531
30341
46730
30346
30348
30349
46741
38554
38556
38561
38562
46753
46762
46763
38572
46766
38575
30383
30382
46771
46772
38579
30396
46780
54976
46785
30401
22212
46789
38600
22216
54986
30414
38608
38609
30420
54997
46805
22231
30424
38616
30425
38619
38620
30429
38621
30431
38622
38626
30435
30436
55014
30438
30433
38633
46820
46827
46828
46830
38642
46842
46843
46844
46845
38655
46848
38657
38660
38663
38665
46857
46859
38668
38669
30478
46865
46868
46870
5911
46876
46894
38708
46902
46905
38714
30523
46910
38719
38718
30529
46917
38727
38729
38733
38738
38739
46932
30547
30550
22359
38742
46934
46937
30554
38748
30556
55131
55135
30560
30561
22367
55139
46940
38757
55143
30567
55145
46955
38764
55149
46960
55154
46963
30578
46965
46966
38780
38783
38784
38785
46983
38795
38796
38801
38802
46995
38807
38813
6047
47008
30626
6052
6053
6055
47015
6057
47020
38835
38838
47032
38846
38852
47045
30660
38855
30664
30665
38859
30668
47053
47051
30672
47057
30676
55254
55256
30681
30682
47067
55259
47069
38873
22496
47076
22500
55270
30692
47080
55273
55274
30698
22508
38893
30700
47088
55281
55280
55283
30708
38900
38899
47095
38904
55285
55292
30718
47104
47105
47106
38922
38925
47122
38937
38941
38942
38946
30757
38950
30758
47142
47147
47148
30764
6190
6192
38962
47157
47159
38971
38979
47171
38981
47175
47177
47178
47183
30803
47188
38995
38998
30805
47192
30808
47194
30810
39003
38996
39000
47198
30816
47197
55395
39010
47205
22630
22631
55400
55401
30823
39013
47212
30831
55408
55409
30834
22639
22645
39030
30840
47226
55418
22652
47229
30845
30847
39041
55426
55428
30852
39046
39047
47236
30857
30858
39051
39049
47244
30856
47246
39058
39060
39064
47259
47266
39077
39078
39079
47270
39083
22699
47282
39091
39090
30901
30903
30904
30905
30909
47294
6336
30913
39110
39118
39120
39128
39130
30940
47327
47328
30944
39138
39139
47339
39149
30957
55536
30962
22771
39155
55001
22774
39158
22776
55547
22781
30974
47358
55553
30977
22787
22788
47365
30980
30983
55560
39176
39175
47368
39177
30981
47375
55568
55570
30996
55573
55574
30990
47381
47385
39201
47393
39204
47407
47410
39222
39223
22840
39226
31039
47425
31046
39239
47431
31049
39243
39242
47437
31051
39246
47434
47440
39256
39259
47452
39262
39263
47455
47458
31088
39282
39284
39285
31094
47480
39289
39292
47485
47489
22915
47491
31110
31112
22920
22923
55692
22925
55693
47501
31116
39313
22930
47506
55700
39316
39315
31122
55704
55705
55707
47517
47519
31147
47532
39339
47542
47544
47547
47549
47551
39361
31172
31173
39366
47560
31179
47564
47565
31182
6605
47571
39382
39383
31190
39402
47594
47599
31222
39417
31226
39419
47610
39418
31228
39423
31232
39424
31234
47616
31231
47621
39432
39434
47626
47628
31245
31244
31247
31248
39440
23056
47627
47636
55829
23061
47638
47641
31257
31263
47648
39457
55844
39464
55848
31272
47659
55849
47661
47662
31282
31285
39478
31287
39481
47678
47681
47683
47687
39499
31312
39506
31316
31318
47710
47711
47716
39526
39528
39532
39533
39539
39544
39551
47747
39556
39557
47749
31365
31368
39563
47757
31374
31376
47760
31379
39572
39573
39576
47769
23196
31389
31390
47776
55968
23202
55965
47778
47782
31399
31400
39593
47787
39597
39600
55984
55987
55988
55989
47800
31416
47802
39612
39613
39618
39619
47817
47819
47820
39629
47822
47827
39639
47832
23258
31453
31454
23263
31455
23262
47842
6887
39656
6890
47849
6892
47853
39661
6889
39669
39672
39676
39690
39691
31500
39693
47887
39698
31507
47891
47895
39704
47899
31518
39715
39717
23337
31531
39724
56109
23340
56108
39726
39728
39727
47923
23345
31542
39735
31546
56123
56124
56125
31549
56128
56129
31552
56131
56136
31563
39759
31568
47954
47958
39768
47960
39771
47969
23393
39780
23399
31592
23403
7020
31599
7027
47988
31604
31606
7030
39795
31605
47994
47996
47997
39809
39810
39814
39818
48014
48015
39822
39826
48019
31639
39832
39831
31642
31640
31644
39836
48030
39840
31649
31648
31654
31655
31660
31668
56247
23480
31672
39869
31679
31681
31682
56261
56262
31687
31689
31690
31692
48078
48082
56274
39894
31702
31707
48094
31711
31710
48097
39907
39909
48101
39911
39913
48106
48108
48110
31727
31730
31732
39925
23542
31735
7161
7162
7164
7165
39941
39945
39947
39957
39958
48155
48158
39971
31783
39978
39979
39980
48171
39982
48176
48177
39986
31792
39988
48189
56381
31806
31808
31809
31811
40003
40005
40006
40007
48200
56393
23624
31819
31820
40013
40016
31824
40021
31830
56407
56411
31840
40035
48241
48243
23671
40059
7292
7293
23680
31874
7298
23684
23685
7299
7305
40089
40091
40094
40100
48296
40105
48297
31925
31927
31928
40121
31932
40126
40127
48318
40129
48322
40130
48325
31941
48327
31945
56521
48332
31948
40142
40143
40140
48335
23762
56533
56534
40151
48344
31958
40149
40154
56542
56544
31968
31970
56545
56551
56552
56553
40171
40174
40175
31988
31989
40184
48377
48378
40186
48379
48381
48384
48385
48391
40202
32011
23820
32012
48394
23824
23825
40212
48405
40215
40217
40218
40219
48410
48409
48413
48415
40225
40228
40229
40235
40237
32055
32056
40248
40255
32068
40261
40262
32071
48456
40260
40270
32080
48467
48470
32086
23900
40284
40285
48480
40289
56672
40292
32103
40296
56681
56680
32105
40308
56692
40310
56693
40312
40314
32122
32132
40326
48519
48520
48518
48527
48529
48531
23956
48533
7574
32150
23960
23961
32153
23963
7580
40349
23966
40350
48544
7585
32163
40357
40361
32194
40389
40390
32199
40391
32201
40398
32207
40401
48593
48594
48596
48597
40406
32218
48607
32225
56803
56805
40421
56807
40423
56814
32239
32245
56821
40449
32259
32260
32261
32262
40456
40459
40463
32272
48666
24091
24093
24094
32287
48673
7714
24100
32293
7718
24105
40496
40499
40509
40513
40524
48719
32338
32340
40533
32345
48730
32351
48738
40547
32356
48744
40556
32364
40558
56943
56952
32378
32379
32380
56956
56957
32389
40583
40586
40587
56971
40589
32398
40593
56978
32403
32402
40597
32406
32411
48799
40609
48803
40612
40613
48807
24232
40616
48810
32424
48809
24239
48816
32436
48823
24247
7866
40634
40640
40644
40658
40663
32476
40668
40670
32479
32480
40674
48874
40683
40685
48877
32494
32502
32504
32506
57083
32507
32509
40702
32511
57085
40700
57090
40699
40704
57093
57094
32519
32520
57095
57101
32525
57103
57106
57111
32536
40729
57112
40732
40738
32549
40742
32553
32554
32555
48940
40746
48942
48945
32566
40758
48950
32567
32571
48956
7997
48957
32576
32577
40770
40771
40772
32578
40775
40776
40777
48970
48971
40783
40788
40792
40799
48997
32614
32615
40808
40810
40811
40813
32625
40818
49010
49012
32630
40822
40827
32638
49022
32640
32639
32643
32645
40838
57225
32653
40847
40848
40850
32660
40853
32661
57239
57241
57242
32665
32673
32676
57255
57256
40873
32679
32690
24507
40893
24509
40896
32704
40898
24512
49090
49093
49094
53719
49098
8142
24529
49106
24530
49108
40922
40925
40926
53725
40932
40933
40940
32751
32753
40946
32756
32758
32759
32760
32761
40958
2
16388
5
6
32776
8
12
18
16407
49177
16411
16413
16417
49186
35
16421
42
32811
16429
47
49199
16436
16437
55
56
16439
49210
65
32834
49217
49219
32837
16454
79
16467
16469
87
16471
89
16473
91
49243
49244
16475
32864
49249
49250
32867
16483
103
32873
16491
32876
16493
110
16495
49264
49270
49271
49274
128
49280
49282
49283
49285
134
16519
136
16521
16522
49291
22822
142
16526
146
16534
16539
160
16552
49323
49324
16558
16560
16561
182
183
49337
16570
187
16569
49339
16583
201
202
203
205
49358
49359
209
32978
32979
16595
16596
16597
216
16605
49382
231
49384
16617
235
33005
49390
240
33008
242
33011
49393
49395
16628
16630
49399
49400
49402
16635
49404
49408
49409
16642
16643
16641
16647
16650
49420
269
270
272
16657
49425
49428
16662
16663
280
281
16666
283
16668
33054
299
16685
303
304
305
16694
316
33088
321
49474
323
16706
49476
16708
16710
328
329
16707
332
333
49485
49488
337
49489
16723
341
16724
343
49495
33113
346
16728
348
49497
16733
351
16735
33121
358
16755
49523
33143
376
33145
49527
16759
380
33149
49529
383
16764
49532
386
33154
33155
49534
390
16767
49535
49541
49543
396
33165
49549
401
16788
16789
16791
49566
416
16801
420
16804
422
16805
16811
430
431
432
433
434
16817
436
16818
16819
440
16827
446
16832
452
33227
33228
49611
462
466
467
471
49623
473
49624
475
49625
477
16860
49631
480
16864
16866
483
33252
49635
486
33254
487
49634
49637
49642
16877
16879
498
16886
16890
16891
16893
49666
515
516
33285
517
49671
520
33289
522
33291
33290
49672
526
16905
16906
529
16907
16909
532
33301
49677
49679
16916
537
16918
545
546
49702
551
552
555
16940
559
564
16949
16955
16959
576
580
581
16965
16968
585
16969
16970
16976
49744
16980
597
598
33366
16981
16983
602
16984
49752
16987
16988
49757
49761
613
49765
17001
49772
49773
622
623
17006
33393
49775
627
17008
49778
49781
631
17014
49782
634
17020
637
638
646
648
17033
650
651
49805
17038
49807
33425
658
33427
660
33432
664
673
17057
676
49827
33447
681
682
17065
17068
691
693
694
695
49845
49848
17082
700
701
49850
33471
703
33472
706
17093
712
714
17099
17100
17102
719
33488
49873
722
723
17109
17110
730
734
49886
49888
17122
49891
740
49892
17123
49896
49899
749
17138
756
17140
49910
760
33531
33532
767
17154
772
33541
774
17156
777
779
17163
17166
783
785
17170
17172
17175
49945
17178
798
800
49953
49956
805
33574
33575
808
33576
33577
17191
17192
33581
814
33582
815
817
17193
49962
17196
49974
17206
826
828
17213
17214
49983
834
17222
49991
841
845
857
17242
33628
860
50012
17248
865
871
17256
33641
17257
50027
17264
50033
884
17269
50037
17271
888
50039
893
894
895
50045
50046
50047
900
33669
50054
50057
909
910
50061
17293
33683
33684
916
17300
925
929
930
33699
33700
50087
17319
50088
33706
941
17325
17332
50101
950
33719
50103
17337
17339
50108
50112
50115
965
50117
50123
17358
976
979
50131
17364
982
983
17367
50135
17369
987
995
17379
50151
17384
17383
33771
17386
1007
50163
17397
1016
1017
1021
1024
50176
1029
17418
1040
1041
1043
50197
17430
1051
1056
33825
1061
17445
17447
1068
17452
33838
17455
17456
50225
1076
33845
50227
50228
50230
33849
17462
50236
1085
33853
1087
50237
1089
17474
33859
17478
17479
17480
50246
17486
17487
50257
17494
17499
50268
17502
50272
1124
17514
1131
17516
1138
1139
50292
17525
50296
50297
1149
50301
50304
50305
33923
1156
1157
1158
17541
17542
50311
50317
50318
1168
17553
1174
50330
33948
50332
17564
1183
50334
1185
17568
17570
1188
50343
17579
33964
33965
1196
17585
1204
1205
17592
50361
17594
33980
17600
50368
1219
1220
50372
17605
33991
1223
50373
1226
33994
33996
1229
17608
17609
1232
17610
17614
1235
17617
50387
34011
1243
17628
1246
17630
1249
17636
17640
50409
50411
50412
17645
17648
17649
1271
17656
17657
17659
17661
1279
50431
1286
17670
17674
1291
17676
1294
34063
1296
1298
1299
17683
50453
50455
1304
1305
50456
17688
50459
17693
17695
1312
50465
17702
34087
17704
17706
17711
17712
17715
50484
50485
17717
17719
34105
1337
1344
34116
17735
17736
17739
1357
1358
17741
34129
1363
1364
17747
50516
17748
50518
50523
1375
50528
1379
50532
1381
1383
1386
50538
1389
1390
50541
17773
1393
1395
50548
17780
50550
1399
34167
50552
1405
1407
1408
17791
1413
17797
17802
1419
17805
1422
50575
34193
34194
50580
1429
34198
50582
17815
1433
50584
34203
17817
17814
1438
50583
17825
1444
50598
17830
17832
50600
1450
50602
50604
50608
17841
34228
17842
17847
17849
17851
17852
1471
50624
1473
17861
50638
1487
34256
17872
1490
34258
34260
50642
17874
34264
17876
17880
17881
50652
1503
1505
34273
34274
50659
1509
50662
17895
1513
1515
1516
50669
50670
50673
50674
1523
1524
50678
50680
17915
50683
17918
34307
17925
17926
50694
1552
1553
17936
50705
1556
17941
50713
1568
50721
1571
1572
34341
1574
17957
1576
50726
50729
17962
50730
17968
1586
1588
17976
17978
17980
1599
17984
50757
50762
17995
50764
17998
1615
34386
1619
1618
1625
18010
18011
34396
18012
50781
1632
1633
1634
34403
50784
50785
50787
50788
50790
50791
18024
50792
18028
50796
50803
18036
18035
18040
50810
50811
1662
18052
50821
34439
18056
1673
50826
18063
18064
1682
50836
50837
1689
18073
18080
1698
50850
50851
1702
1703
18084
50855
50857
50858
50859
1709
34477
1710
18094
50863
50867
1716
1720
50873
50874
1726
50878
18112
18113
1731
50883
50887
18120
18121
34506
18119
34508
18124
18127
18129
50900
18132
1750
50902
1753
50905
1757
1758
34527
50909
18144
1762
18149
18150
50918
34538
34540
34546
50931
1780
34548
34550
50933
50934
50935
50936
18172
1789
50941
18175
1792
18176
50948
50953
18186
18188
34574
1813
1815
50968
34585
50972
50973
18206
1823
18208
1826
1827
18211
1831
1833
18221
1838
50991
18225
1844
18230
50999
18232
34617
18231
1851
51002
18236
51006
18239
51008
18241
51013
18246
1864
51016
18251
1872
1873
51026
51027
51029
34646
18265
51034
1884
1885
51038
18271
51040
51042
18275
1892
18276
1894
51044
51046
18279
34666
1898
1900
18280
18281
18282
1904
51055
1908
1909
34676
18293
51062
18297
34682
1915
51069
1919
18305
18307
51078
51081
1930
1931
1932
1933
1934
18314
1936
18319
51092
1944
1945
1947
34716
51098
1950
34719
51097
51102
18341
51110
1962
18347
1964
51118
1967
51121
18354
1972
18357
1983
18367
18369
51138
18371
51140
18381
18383
2002
51158
51159
51166
34783
34784
51167
2019
34787
18405
18407
51176
2025
51177
51178
2028
51181
51187
2041
2042
2043
2044
34813
34812
34810
18425
2049
51194
2051
2052
34824
34825
34826
34827
34828
34829
2061
34830
51208
18443
51213
51218
2070
2071
2072
18455
51224
51225
51226
18459
18460
2079
2080
18463
18468
2085
51236
34856
34857
51243
2095
18480
18483
51252
2101
2103
2104
2106
51258
2110
51263
2112
51265
18498
2115
51268
18501
18502
18503
2121
18506
2125
34893
18511
34896
51281
18514
51285
2134
18517
2136
51287
2138
51289
18524
2141
18526
2143
51297
18529
51298
2149
18533
18534
2153
34922
34923
51305
18538
18537
18540
18541
18542
51317
18550
2168
51320
18557
51327
2178
18565
2185
34953
2187
34956
18569
18573
18575
2192
34962
18578
2196
2197
34966
18583
2202
2203
18592
18595
2212
51366
51370
2220
18610
2227
18611
51380
2230
51384
2233
35002
35001
18625
18627
51397
51398
2250
18634
51402
2257
51409
18642
18643
2261
51413
51414
18650
51418
51419
2271
2273
51429
51431
2281
51433
18667
2284
18670
51439
18674
51443
18676
18675
2294
35064
51448
51449
35067
35068
51451
18685
2303
18686
18688
18695
2315
51467
2317
51469
18704
2321
18706
18708
35093
18712
35097
2330
2333
2335
18721
2338
2339
18723
51491
51494
18728
51497
2348
51500
2350
51505
18738
2358
2363
2364
51515
51517
18753
51522
18758
51527
51526
51530
18763
51533
18767
18769
18770
51537
2391
51544
51546
2395
2398
35172
2406
2407
51558
18792
2411
18795
18799
2416
18800
2421
18805
18807
2425
51577
2427
18813
2430
35199
18817
51586
35205
51590
51591
35208
51593
18826
51597
51599
18832
2449
2450
2451
2452
51601
18834
18839
18841
51610
51613
2465
35234
18851
2473
2474
35241
2475
35243
35242
2479
35245
2481
2482
35250
2484
51629
18868
51637
51639
18872
18881
51650
18884
51653
18886
51656
2507
35278
18895
35280
2513
2514
51666
18903
18905
18906
2523
51678
51679
2530
51681
18916
51686
51687
51688
18920
2538
2539
51694
2543
2544
35313
35314
18926
2548
51696
51707
51709
2558
2561
2562
2563
18945
2565
51716
18948
2568
18953
51721
2572
35340
51723
18957
18958
2577
51729
35348
18964
51733
51735
51738
2587
51739
18971
18973
18970
51744
18977
2594
2595
18976
18980
18981
51748
18986
35371
2604
2605
18990
35375
35378
18994
2613
2615
51767
51768
35388
19004
2622
19006
2625
2626
19012
51781
19015
19020
2638
2639
51791
35409
35410
35411
19027
35414
51798
2648
51801
2650
35419
19033
19040
51811
19044
2661
19047
2664
2667
2668
51823
2673
19058
19059
2678
2679
19062
19061
51832
2683
35452
19065
51837
19071
2688
2689
51840
19075
2693
51846
2695
2696
19079
51848
19085
19086
19089
51859
35479
51864
19096
19098
51868
19102
35487
51872
35489
35493
51877
19111
19115
2735
2737
2738
51889
2740
2741
51890
2743
51891
19126
35516
2749
2748
2752
19132
35522
35523
19134
19135
19138
19140
19143
19146
2764
2765
51916
2767
51917
2769
19152
2771
19153
19155
19157
51925
19158
51928
2779
35548
35549
2782
35551
19163
51931
2786
19165
19167
19169
51940
51941
35560
2793
51943
19177
2796
19185
51956
51958
19191
51961
51963
19198
51968
19204
51974
35591
2823
2825
19209
2827
19210
51978
51980
51977
19214
35602
2836
51988
2838
19221
2840
51993
19227
19228
2846
19231
2848
2849
19234
35619
19235
52002
35622
19238
19243
2861
19245
35631
52014
35633
2866
2865
2868
52016
2871
52019
2873
19255
52025
2877
52026
2879
52029
19262
2884
2885
19271
2888
35656
19272
19277
2894
35663
35665
19284
19285
52054
19289
19291
2910
52063
52065
35685
2918
35687
52069
35689
52074
2923
2925
2928
2931
52083
52085
52091
2940
2941
19324
52094
2944
19328
52098
2948
52100
19334
2955
2956
52108
19340
2960
2964
2966
52119
52123
52124
52127
52129
2978
2980
2981
2982
19365
19368
52138
2987
35756
2989
2990
19371
2992
2993
52140
52142
19375
2998
19383
3000
3001
3002
35771
19384
52153
19387
19388
19389
19392
52162
52163
19400
19402
3023
35792
3025
3027
35795
19412
35801
19417
19418
19423
3043
19427
52196
52200
3049
52201
52202
52204
52209
3058
35828
19444
3066
19454
19455
52225
3075
3077
52228
19459
19462
52231
19464
3083
3084
19463
19466
19469
19471
52240
19474
52242
52244
52245
52246
19482
19483
52250
3101
3103
19487
52257
19492
52261
19495
52264
19496
3115
3116
19506
3125
3126
3127
3128
3129
52278
3131
52280
52282
3134
19516
19517
52285
52287
52284
52290
35909
19526
3143
52296
35913
3145
52297
3148
52299
52301
19544
19547
3164
19549
19560
19561
52336
19569
52337
3188
3190
19573
3192
52346
35965
35966
19582
19585
19587
3205
19589
19590
52360
19593
3213
19598
3216
52367
52368
19600
3220
19604
52376
3225
19609
19608
3230
3231
52383
52385
52391
52395
19628
3249
19634
19635
3252
3254
19639
19642
3262
19647
3266
52417
3268
19649
3270
19651
19653
19657
3274
19660
19661
52433
19666
19667
19668
52437
52440
19673
52450
19685
3304
3306
3310
19694
19695
19705
3324
19711
19717
36102
3336
3337
19720
3339
52495
52499
52503
3352
19735
19742
52511
3362
52521
3370
19754
52523
3373
3374
19759
3376
3379
3380
52531
3382
3385
52537
52538
19772
3391
3398
3399
19782
19787
3411
3412
19797
3414
3415
3416
3417
52568
19801
19804
3422
3425
36194
52579
19815
52584
19818
3436
3438
3439
19824
3441
3443
19828
3445
52597
36217
19836
3459
3464
3465
3466
52617
19849
36241
19857
3475
36244
19858
3478
3479
19862
19864
3482
3483
3484
19868
52636
3488
19870
3491
19875
52645
19879
19886
52655
52657
52658
19892
3509
19895
19899
19904
19905
19906
3523
3526
3528
19913
52681
19917
19918
19920
52689
19922
3540
52695
52696
3545
19927
3548
36317
3549
19934
3552
3553
52703
52706
52709
3561
52715
3565
3566
19951
3569
52721
52722
3572
52723
3574
3575
19955
19960
19963
3581
3583
19968
3585
3588
36356
3589
19971
19975
36361
19978
3595
3597
52757
52761
3611
36380
3613
36382
36383
19995
52766
52767
20005
3622
20010
52781
3630
20013
3632
52783
20018
52791
3644
52800
52801
20035
3652
52804
20038
52807
36424
3657
20043
52812
3661
52816
20048
3666
3672
3673
52825
52828
3677
3680
52834
3686
36454
20070
52840
52841
52843
20076
20077
52846
20078
20082
20084
52853
3704
36473
36475
52860
3712
3725
52878
36497
36499
36501
20118
20119
3737
20122
3740
52900
36519
36520
3752
36521
20135
3756
52909
20142
20143
20144
52913
52912
3764
20149
52918
52917
3769
20156
52924
20158
3775
52929
3778
52931
3781
52933
52936
52937
20170
20174
52942
52944
20177
3794
36564
3801
52953
52956
52958
20192
52964
20197
3815
20199
20204
20205
20208
20210
20217
52986
20219
20220
52990
3840
52992
20226
20227
20228
52995
52994
3847
20232
20234
53004
3860
3861
20245
20246
36633
3866
3870
36639
20254
36641
20258
3877
20262
3879
20266
20269
53037
3887
20271
20270
36658
3892
36661
53041
20273
53040
20277
20278
53048
20291
20293
53062
3911
53064
53067
53070
3919
20310
20311
53080
53079
53081
3931
53082
20317
36702
36703
3936
36705
53087
20321
3940
20322
53090
53092
3944
20326
53095
20330
53099
53102
20340
20341
36728
20347
20348
20352
3970
20354
3973
3974
53125
53127
20359
3978
53129
3980
3981
53130
3985
3986
53137
20372
3989
53143
3995
20379
20382
20384
36771
20390
4010
36779
20397
20399
4019
20403
4023
4024
20408
4026
20411
53180
4030
4031
53183
20416
4034
20424
53193
20425
53192
20428
20429
4047
20432
53203
20435
20437
36822
20438
53208
20443
53215
4066
20451
53221
4071
20455
4074
4075
20460
53229
53233
20465
53236
20471
20475
53244
20485
36870
36871
20490
53262
4118
4122
20507
20508
4125
36894
53277
20510
53279
4130
53276
20518
20519
4142
20532
36919
4151
20535
4155
4156
4157
20549
36934
20550
53319
36937
20553
20554
53321
20556
20558
20559
53328
4180
20565
20567
20568
4185
4186
53337
53338
53340
20573
20574
4192
36961
20575
4195
53346
53347
20579
53351
20584
4202
20587
53356
20589
20590
4207
20591
53360
4210
4211
53363
53367
20600
53369
4218
4219
53372
53374
20610
53380
20615
20616
53386
53389
20622
20623
37010
53399
20633
4250
53403
4252
4253
20635
53405
20644
4261
53414
4263
20647
4266
37035
53419
53420
4271
4280
4282
4283
4288
4290
20674
20677
20682
4302
20688
53458
53459
4309
53462
53464
4313
53465
20698
4316
53469
20704
53474
4325
20709
20711
4329
4331
37102
53488
20721
53490
4345
53499
53500
20733
4352
37121
4354
20736
20737
53506
20739
20741
20747
53516
53522
20759
37145
53529
20762
20764
37150
20768
53536
53538
53540
20773
20775
53545
20779
53547
20781
4400
20782
20783
53554
20788
4405
4406
4408
20793
20795
4414
20798
4416
37188
37191
20809
20810
4427
4431
20816
4438
20825
4442
4448
4450
53602
20836
4455
4456
4457
20839
53609
53614
20846
4465
20854
4480
20864
20867
4485
37254
53637
4488
20870
4490
20880
53648
20882
53654
53655
20889
53659
20892
53661
20896
37284
53668
53673
53675
53676
53681
53682
4531
20918
20922
53691
4540
4541
53695
53696
53699
4548
20932
4551
4552
20935
4554
53705
20937
53706
4564
4566
4567
4568
4574
4577
20966
37351
4584
4585
37352
37353
20970
53743
20976
4593
4607
53760
4610
4611
53764
20996
53766
53768
4618
4622
21008
4626
4628
53782
21014
37400
53784
37402
53786
4636
53787
4638
21021
21022
53791
53793
21027
53800
21037
37426
53810
53811
37429
37430
21049
4671
21055
21056
53826
21058
4676
53829
4678
53830
53832
21065
21064
53840
21074
53843
53844
21078
21079
21080
21081
4703
4713
4716
4719
21108
4725
4726
21119
21121
4739
4742
21126
53896
21130
21131
4748
53900
21132
4751
21137
21139
53909
53910
4759
37527
53913
53914
21142
21148
21149
21150
37538
21152
21157
53927
4777
4779
21164
4781
21168
21171
21172
21173
37563
53948
37565
21181
37567
21182
53952
21185
21187
53961
4811
53964
53965
21199
53967
4818
53970
4820
53971
4824
21209
21210
53981
4830
4831
21215
21218
4835
21220
21222
37607
21224
21227
21229
4848
37620
4855
37627
54013
4862
37631
4865
54018
4869
21256
21262
4882
4883
21266
4888
54041
21276
4894
21278
54046
4898
54050
21283
4901
54052
37671
4903
4907
4908
54060
54063
37680
4913
21296
21298
54066
54067
21301
54071
21304
21311
21313
54081
21316
21319
37704
37705
21324
21327
54096
21329
54100
4950
54105
54107
54109
54110
54111
54112
4964
21350
4967
37739
37740
37741
21356
21357
54127
21360
37746
54128
21361
21366
4983
21368
4989
21373
4992
4994
37767
5000
37768
37771
5003
37770
21388
5007
54157
21395
21404
21405
21408
5025
54177
21409
5028
54181
21414
54188
5039
5040
5041
21424
21425
21431
21433
21434
54205
21437
5056
54210
54211
54212
21445
5062
21443
21447
21448
54217
21452
54220
54222
21453
37843
37844
21462
21464
54241
21475
21476
21478
54248
5097
5098
21486
5103
21489
54259
54263
37882
54266
21500
5125
21510
5128
5132
5139
5140
37908
5142
37910
21530
21531
5148
5149
5151
21535
21537
21541
5160
5161
21548
5166
21551
54328
37945
37946
37947
37949
21567
54336
5187
37957
54344
21578
21579
5198
54350
5200
54351
21584
54353
54354
54363
37981
54365
37983
21600
54370
21602
54372
5223
21613
5235
54389
54391
5240
5242
21626
5245
5246
5247
21631
21632
5250
21635
5252
21637
5255
5256
54408
21640
21644
5261
5265
5267
21651
38041
5274
5275
5276
38043
5278
54433
54434
5283
21668
5285
21669
21671
5291
5293
21681
5300
21685
21687
54457
5307
21691
5312
21697
54466
5316
21700
5318
54470
21704
5321
5325
38093
21715
54486
5335
54488
54490
5340
54492
5342
54496
5345
21731
38122
54506
54509
54510
21743
21741
54513
5362
54514
21746
5367
5371
5372
54525
21759
5376
5377
54528
54530
5381
5382
54538
21772
38160
5393
38162
5395
5396
54545
5398
54546
54548
54550
5402
21782
5406
5416
5417
54568
38187
54573
5431
21816
21817
21821
5439
5444
21828
5446
21829
54598
54600
54601
21834
54604
5457
54609
54610
21843
21842
5463
21845
54618
38235
5468
21855
21858
21859
5477
54629
54630
54631
21866
21867
5485
54636
54639
21871
54640
38258
38260
54644
21879
54648
21881
21884
21885
54653
54655
5508
54660
5511
5513
21898
5515
21899
54669
21903
5522
5525
38298
21915
5533
38303
54691
5540
21925
5549
38322
38324
5557
5558
54708
54710
5573
21957
21959
21960
5579
5580
21966
5586
54742
21977
54746
54747
54750
5600
38369
38370
5603
21985
21986
21989
38377
5609
21993
54762
22001
22002
22003
54771
5622
54778
5628
22015
22016
22022
22023
5640
22024
54792
22028
54797
5649
22033
5651
22035
22037
54809
5660
54814
54818
5668
5669
22054
54823
5675
38444
54828
22060
5679
5680
22066
5686
5688
5693
5694
54848
54851
5705
22098
5716
22101
22103
22105
5722
5724
22108
22109
54879
54883
5733
5734
5735
54886
5737
22120
22124
54898
5747
22133
5750
22136
54906
5757
5758
54917
54918
22151
54920
22155
54923
54926
22158
38546
38547
22163
5781
5783
5789
5790
22173
54941
5793
54944
5796
5798
5799
54946
54948
22185
54955
22188
54960
38577
54961
22193
54962
54966
5815
22201
5821
5827
5833
5835
5836
5837
5838
54987
54988
54990
54991
5844
5846
5847
5851
22236
22238
5856
5858
5860
5863
5865
22249
55018
5868
38637
5870
5875
22261
38647
38651
5884
22267
55038
55040
55041
22272
55042
5895
22282
55051
22289
5906
55057
5908
5909
22295
22300
55069
22302
55070
22304
22305
5922
5923
22307
5926
55078
55081
22314
22316
22318
5935
5936
55090
5940
5941
5942
55094
5947
55103
55104
22339
55108
22340
22341
5960
22344
22346
5966
5968
55127
5987
5990
5991
22377
5996
22382
55155
6005
6006
38775
38776
55161
22394
6011
6015
22399
6017
55169
55170
6020
55174
22408
6025
6034
55186
6039
6041
6042
55194
6044
6045
6046
38814
38816
38817
55201
38819
22441
38826
55213
6063
55216
6065
22453
55222
55223
6078
55230
55233
38853
6086
22475
55247
55248
22480
55251
55252
6105
6106
6111
38886
38887
6123
6134
22518
22520
22524
6141
22525
6143
22529
6146
38915
55299
22532
22531
6151
6153
55305
6155
55306
6157
6160
6161
22544
38931
6163
22545
55315
22548
55316
55322
6171
55324
55325
6174
22558
22560
6179
6181
6182
6183
6184
6185
22568
55348
22580
38966
38967
55350
6201
55353
22587
55356
55363
22598
55367
6218
55370
55371
22604
6225
55378
6229
55381
6231
6232
6233
6234
55382
6236
55383
55384
55385
6240
55386
22619
55392
22624
55393
22629
6249
55405
55406
6255
6256
6263
6268
6271
22657
22660
55435
39052
6287
39056
6291
6292
22675
55447
55448
22681
6298
39066
22685
39070
39072
55457
39074
55460
6311
6312
22695
22696
55466
55467
22698
22701
55470
22704
22706
39094
39096
22714
22715
22717
22719
22723
55493
55499
55500
6349
22736
55506
55507
6356
6358
6360
6361
39131
22749
55518
22751
22752
55521
55524
22758
6378
55530
55532
22765
6382
22768
55541
6391
6393
6398
6401
6413
22799
6416
22802
6422
6424
39195
6428
22811
22816
22819
6436
55588
22820
55589
6440
39208
6441
6443
6444
6445
39214
6446
22827
22828
55597
22834
55605
6460
55614
39231
22846
55619
22851
39237
55621
22855
22857
6476
55630
6480
22867
6484
55635
22868
22870
55644
6493
22878
6498
22882
55651
6501
22887
55659
55662
6511
55663
55664
22901
55671
6520
22904
6523
6524
39303
6536
6537
39305
6540
22935
6552
6553
22947
39334
55720
22953
55726
55727
55728
6577
22964
22966
55737
6588
6593
55749
22983
55755
22989
55758
55759
55760
55763
55765
6615
6616
55770
23003
23004
39390
23007
6624
6625
55775
55781
23015
23016
55785
6635
55787
23020
55790
6643
6644
55795
23028
23029
55796
6649
55799
55797
23035
6653
55806
6659
39428
23043
55812
6663
23044
55814
6666
6667
6668
55815
23050
39443
39445
6681
6685
6694
6701
23086
6703
39472
39473
6704
6705
23088
23091
55860
23093
23094
23098
39484
55868
6719
55871
6721
55874
23107
55876
39494
55878
23111
6729
55881
6732
23114
6735
6736
55882
6738
55892
6741
55894
39513
39514
23136
23137
23139
55908
55915
23147
6765
23149
55918
6768
6769
6770
55924
23156
55926
6776
55929
39546
39547
6785
55937
6787
6788
55941
23173
55943
6792
23178
55947
55948
6797
23181
39568
6801
55952
6805
6806
55959
55960
23191
23192
39583
6815
39584
6830
6833
23217
23218
6837
39606
39607
23224
39609
39610
39611
23227
23235
6852
6854
39624
23240
6858
23241
6860
56015
23249
39635
6868
39638
56024
6873
6875
56033
56035
39652
56036
39654
39655
56037
23271
56041
23274
23275
6893
6895
23280
56050
56053
6902
6904
56057
6906
23290
56060
6911
6912
56068
23301
6922
6928
6931
23314
6933
6934
23315
23317
23320
56091
39708
39709
6942
6945
23329
23331
6948
56101
39719
6956
6959
6960
6964
23350
23357
6974
6979
6980
6983
23368
56137
6989
6990
23373
23375
23377
6995
6996
56147
6998
23383
23384
56152
56151
23387
56155
56158
7010
7012
7016
56169
56170
56175
56177
23413
56183
7033
7034
7035
56186
23418
23426
56196
23429
7046
23430
56201
56202
23433
23438
56207
23440
56211
7060
7061
56216
56217
7066
7067
56218
56220
7070
23455
23457
7075
56227
23459
23465
39850
7082
23468
56236
7093
7096
7103
7106
7112
23498
7115
23500
39887
23503
23505
7122
7123
56278
7127
56280
7130
56283
7132
23516
23518
23520
7137
7138
7139
56289
56290
56288
56293
7144
23530
39915
23531
56300
56301
7151
7153
56306
56307
56312
23547
23548
39933
23549
56317
56320
23556
56326
56327
7176
56329
23562
7181
23565
56339
23572
7189
23573
56343
56344
56348
7201
56355
56357
7206
56361
56364
7215
23599
7217
56371
39989
7222
7223
7221
39990
56373
56374
23607
23608
23609
7231
56379
23614
23616
23617
7237
23628
23630
7248
7252
7253
7255
40025
40027
7262
7267
7270
56424
40042
56432
7283
23667
23669
56438
40055
56439
40057
56440
56442
56445
40064
56457
23692
56466
56470
7320
7322
40092
7325
7330
7331
56482
7338
7339
7342
7344
23733
7354
23738
56508
23742
23743
56510
40131
56517
56518
56519
56520
7369
7372
23757
7377
7381
23767
7384
7385
7391
7392
7393
23777
7398
7399
7400
23784
23786
23788
7405
7407
23796
40181
40182
7415
23797
56564
56568
56569
23802
7421
23803
56575
23807
23809
7427
40197
7430
40198
40199
56583
40204
56590
40208
56592
40210
40211
56594
56596
56598
56600
56601
23834
7451
23836
23837
56606
7455
56604
7457
56607
23842
7461
7463
56620
7469
23853
56622
40241
40242
23861
56629
7479
7480
56633
56635
7484
23867
23869
56640
56641
23872
7494
7499
23883
7501
56651
7503
23885
23887
23890
7508
7511
7515
7516
7519
7524
23908
7526
23910
23912
23914
40301
40302
40303
40304
23920
40309
7546
56699
56701
7550
56702
7552
23937
56707
23941
56711
7561
7565
56718
7569
7575
40344
40346
40348
56735
56737
23974
56742
7592
23976
23977
23978
23982
56754
40374
7611
56765
7614
7615
7616
7617
56768
56770
7621
7623
7624
7627
7628
56779
24014
56783
24017
24021
24022
56794
7643
56799
7649
24034
7651
24040
7668
24052
7671
7672
24055
7677
7679
7681
7682
7684
56837
24071
7689
7690
56842
7692
40461
24076
7697
56850
7699
56851
24087
40478
56863
7712
40480
56864
40483
40486
56871
40488
56874
56879
24113
7731
24117
24118
7735
24119
7737
7738
24123
7740
24125
7743
24127
40514
7746
56898
40518
56903
7753
24137
7755
7756
24138
24141
24146
56915
7765
7766
24149
24152
56921
24154
7773
56926
56927
24162
24163
24165
40550
7783
7784
24168
24169
56936
56940
24172
24176
7795
24196
24197
7815
7816
24202
24203
56973
24206
7829
24215
24216
56985
7834
56987
24221
7838
24222
56991
7846
7848
57002
40620
40627
40628
57017
24251
57020
7869
24253
57024
57028
7880
24264
24265
7883
24267
7885
24269
40655
7888
7891
24280
57048
57051
24284
7901
7902
57053
57056
7905
57057
57058
24292
57061
24293
7912
7915
24299
57067
24301
57068
57073
57074
7925
57077
7927
40696
24310
7930
24323
7945
24330
24334
7951
7953
7954
24338
24339
24341
24345
57115
57117
7966
7967
57120
24352
57122
7971
24354
40741
24356
24358
57127
7977
24364
57133
57135
7985
7987
7988
57140
57141
57149
57151
57157
8007
57159
8009
57161
8011
24396
8013
8014
57165
57167
57169
8018
57171
57172
24406
57177
57178
40797
57182
24415
8032
8033
24419
8037
24424
57194
8044
8045
24429
24430
24433
57202
57205
24437
24440
57210
8059
24442
40829
24443
57215
24448
40837
8070
24454
8077
8079
24463
24466
8086
8087
24471
8092
8097
8099
8101
8102
57253
8105
57260
8110
57263
8112
24496
57264
8115
24498
24502
57274
57276
8128
57282
8135
40903
57289
57290
57296
57299
24532
8149
8152
8156
24544
8163
57316
8165
57317
8168
8169
40937
57320
57321
24552
8174
57326
24558
57327
24563
24564
24568
57338
8187
24570
8189
57342
24575
24574
8195
8196
24579
24580
24581
8201
40971
40972
57355
8206
8207
40975
57356
8210
24590
57359
57360
24591
8216
24601
24604
8222
24609
8228
24613
8230
24614
8234
24618
8236
8238
57390
24626
8243
41011
24628
24631
57401
8251
8252
41023
57408
8259
8260
8262
8263
8264
57421
8272
8273
41042
57426
57427
57428
57434
8286
8288
8289
24673
8300
24685
8302
41073
57457
8310
41078
24694
24695
57465
24698
24699
8317
57467
57472
8321
8322
8324
57478
57479
8330
24715
24716
24718
57488
8339
41109
24727
24728
24729
57497
41115
41117
57503
8354
24739
8358
24744
24749
24750
8373
8374
24760
8377
8379
41149
8381
24772
8389
41159
57543
24776
24778
57546
41164
24782
8399
8404
8405
8406
57560
8413
57567
41187
57571
57576
8427
8431
57585
8434
24818
24819
8437
24820
57587
24822
8441
24817
24824
8444
8445
57595
24831
57600
8449
57599
57603
24836
8455
24841
57610
8460
57613
24846
24851
8471
8472
8473
57626
24860
57631
24864
24867
8484
57636
8486
57638
8489
24873
8496
24880
24883
24885
24887
8504
8509
24894
8511
24895
24900
24901
41287
8520
24903
8522
8524
24908
8526
24911
24915
8532
57685
8535
24919
57687
41306
24920
8541
8543
8544
57698
8547
8548
41318
41319
57705
41322
57709
57710
41327
57716
57719
57720
57721
24952
24957
41347
8580
8579
57733
8583
8584
24966
24974
8593
24977
57747
8597
8598
57749
8602
24986
8604
8606
57758
57759
8612
24997
41384
41385
57768
57770
25006
57775
57776
8627
41396
8628
41398
8630
8632
41399
25013
57781
25016
25021
8640
25025
8642
25036
8653
8655
57810
8663
25047
8669
25054
8671
25055
25056
57826
8675
41444
41445
8677
25065
8685
41461
41462
25078
57847
57851
57853
8706
8708
25093
57864
25099
25100
8718
25103
57872
25104
8722
57875
8724
57876
8726
8727
25109
57878
8731
57884
41501
57885
25117
57887
57888
57889
25123
8741
8745
25130
8748
25134
8751
25136
25137
57906
57909
8758
8760
8761
57913
8765
25150
41537
57921
41539
41540
8778
8779
8780
8783
41555
8790
25176
8797
25185
8804
25188
8807
8808
8809
25199
8816
57969
25201
8820
57976
8827
8828
41597
8830
57980
57982
57986
57987
41607
57994
8843
8845
25229
25231
8849
8850
25232
41622
58007
8857
41627
25249
8866
58024
8873
58029
8878
25262
25265
25272
41661
8893
41663
25277
8897
8898
8899
58046
58052
58053
8903
8909
8910
41678
8912
8913
8914
58062
25298
25300
8920
8921
8922
25304
25305
25307
8929
41698
8936
8939
8941
8942
8943
25325
41714
41718
41719
58103
8954
58104
25338
25340
58108
58110
8963
8964
58116
8966
58117
41736
41740
58129
58130
8982
58135
58137
58139
58140
25371
8991
58143
25376
25378
58151
9006
25391
25392
58163
58164
9013
25399
9016
25400
58169
9020
58172
25404
58174
9024
25410
9031
25417
9034
25419
58187
9039
58191
58193
58197
9046
25431
25432
58203
9052
41821
9059
25445
25448
25451
9071
9072
25456
9075
41848
25464
9084
9086
41855
41856
58240
25473
41859
25474
58241
9094
9095
9096
58244
25477
25478
9103
9104
41873
41875
41878
9110
41884
58270
9120
9123
25510
9130
9133
58287
25521
25524
58298
25531
58299
58301
58300
25537
41923
25540
9157
25547
58319
9168
25552
25554
41939
58323
9173
9174
9177
25561
9179
58331
9182
9183
25571
58341
9191
25574
41961
9194
58342
25576
9199
9201
25587
25590
25593
41981
9216
58366
9221
9224
25608
9226
25612
9231
25615
9238
42007
58392
9241
9242
9243
58394
9245
58397
58399
9249
58401
42025
9260
58413
42031
58415
58416
58421
58422
58425
25658
58426
25660
25664
9282
58435
9288
58445
58447
9296
9299
25684
42072
25688
58456
58457
25692
58461
9314
9315
58467
58469
9322
9325
25711
42101
9334
58485
25720
25722
9340
9341
25724
9345
25729
25730
42117
58502
58503
58504
25737
58505
25742
9359
25743
25746
25747
9371
9372
58524
25757
58529
9380
9384
9385
9386
9388
58540
58547
58553
9402
9403
42173
25786
9407
58560
9411
58567
9419
25807
9428
42204
9437
58590
58591
25823
9442
25826
9444
42214
58598
58602
9453
58607
58617
25851
58620
25852
58622
9473
25858
58629
25862
25864
9482
9486
25871
9488
42257
25872
25873
25877
9497
25882
25883
25888
9508
25895
58663
9517
58671
9522
42294
9527
9529
9530
9531
9534
9535
58687
58689
42308
58692
9544
58697
9546
42314
58698
58703
58706
9557
58710
25943
9561
58713
25945
9564
9566
58719
25954
9571
58725
25958
58728
25960
9578
25963
9583
58736
9585
9586
58739
9588
25971
25973
9591
58743
25980
58751
25983
58754
9603
25986
9605
9606
25987
58758
25993
58763
25996
9613
42383
9616
25999
26000
9619
9620
9621
26008
26009
9626
26012
26013
42401
9634
9639
9644
26029
9649
26033
26036
9661
42432
9669
9671
9672
9674
9675
26065
9683
9695
9697
9698
26084
9701
26085
9705
9709
26093
9715
42484
9718
9719
9720
26102
26103
9723
42493
42495
9728
26112
26118
26119
9737
26122
9743
26128
26131
26132
42524
42525
9756
9757
26142
26143
9762
9764
9765
26148
9768
42539
42540
9773
26156
26159
42547
9782
26168
26170
9790
42559
26174
26177
9795
9802
9804
42575
26201
42589
9822
42590
42595
9831
9847
9849
26236
9854
9856
26241
42626
42630
42631
26246
42633
9866
9868
42635
9870
26251
26256
9873
9875
9876
26261
9879
26266
9883
9886
26270
26272
26277
9894
26279
26284
9902
9903
26286
26287
42674
9906
26288
26293
9912
9920
9921
9923
42692
26308
9926
9927
26314
26315
9937
9938
9939
9941
9942
9954
42728
42729
9967
42736
9968
9973
9975
9978
26362
9981
26367
9986
26372
9996
26383
42770
42771
10004
42772
26391
10009
26393
10013
26398
26399
26400
10019
26406
26410
10027
10030
26416
10033
10037
42806
10038
26425
26428
26429
10046
26432
10050
10056
42825
42826
26440
26444
10067
10068
10071
26456
10074
10082
10083
10087
10096
10098
10100
10103
10115
26507
10130
10132
26517
10134
26520
42908
42910
26526
42913
10147
26532
10149
10150
26537
26538
10155
26545
26547
10165
10168
26553
10172
10175
42946
10180
26565
26569
26577
26578
10195
26579
10197
26583
26585
26588
10206
26592
26594
42979
26596
26597
26598
10215
10217
10218
10230
10233
26619
26622
10243
43013
10248
10249
10251
10252
10256
26647
10264
26648
10269
26653
10273
10275
26661
26662
43047
43048
10282
10283
10286
10287
10291
26675
10293
26677
26681
10299
26683
10301
26684
26690
10307
10312
10314
43084
43085
43086
43087
26701
26703
26708
43093
26710
10327
10330
10331
10332
26715
26718
26720
10337
43110
43111
26728
43113
10346
26732
10352
10353
10354
26739
43130
10370
10372
10374
10375
10376
43150
10391
10392
10393
43159
26783
26784
10402
26792
26793
43184
43185
43187
43189
10425
10426
10427
26813
10433
10435
10436
26820
26822
26827
26834
10452
10454
26841
26842
26844
10462
43231
43230
10466
26849
26850
26851
26852
26856
26857
26858
10483
43252
43253
43254
26868
26869
43257
26874
10491
10493
10495
10498
10504
10505
10513
10515
10522
10526
10530
43299
10533
26925
26927
26930
26932
10549
26933
26935
26938
26939
43324
26940
26943
26944
43329
10562
10569
26953
26955
26956
10578
10580
10584
26974
26976
26977
10598
26982
10600
10601
43369
10604
26990
26991
10609
10619
10621
27006
27009
27010
43395
43397
10630
43399
43398
27017
10642
10649
10650
10662
10663
10667
10668
10678
10683
27067
10685
10688
27075
10692
10693
10698
10701
10702
43471
27088
27094
10717
10719
10720
10730
10731
10734
27122
10748
27133
10750
10751
27136
10753
27140
27147
43534
10767
43535
10769
27151
27155
27157
10774
43547
10781
10784
10790
10791
27179
10796
10797
43573
10806
10807
10809
10814
10820
10821
27207
10834
10835
10847
27234
27237
27238
27239
27241
10862
27246
10866
10867
10869
10876
43645
43647
10879
10882
27264
27269
27270
27271
27274
10893
27282
10903
27287
10909
10912
27297
43684
10925
10929
27318
10936
10941
27331
10948
27332
43721
10957
10959
27347
43733
10966
27350
10971
10974
10977
27366
43753
10985
27371
27375
10996
27385
27393
11012
11014
27400
43786
27402
27403
43790
11023
11022
11025
27408
27410
11034
27420
43810
27428
27431
27435
11061
11070
27458
11076
11078
43856
11091
11092
43861
11097
11099
27487
27488
27489
43874
27491
27493
11113
11115
27499
27502
11121
27505
43893
11128
27512
27514
27516
27519
11136
27522
11139
27524
11145
11149
27534
27536
27537
11154
11156
11158
43928
11164
11166
11168
11169
11170
27557
27560
27565
27568
11186
27572
43961
11194
43963
11196
27578
11198
27579
11205
11207
11209
43981
11213
11215
11226
43998
11231
11243
11246
11247
27630
11250
27638
11257
27643
27644
11263
44032
27650
11268
11269
27652
27657
11275
11282
27666
27668
27676
11293
11294
11295
44063
27679
27680
27682
27683
27687
27689
11309
27695
11318
11324
11325
27708
27711
27712
27716
11341
11348
11349
11351
27736
11360
44137
44138
11370
11373
27771
11389
11392
11393
27776
27782
27786
11403
11404
27787
11409
11410
11411
27796
27806
27812
27814
44200
11438
44206
27822
11443
11444
27828
11447
27832
27836
27840
11458
11459
27843
27846
11467
44237
27854
44241
11476
11478
11484
27872
11492
11493
11501
11505
44278
11511
44279
11512
11520
11523
27910
11529
27914
11531
27918
27920
27930
27931
27934
11551
11554
11555
11556
27940
27941
11559
11560
11561
27945
11563
27950
11568
11573
11574
27963
11582
11585
27969
11593
27979
27981
11604
11611
44379
11613
44380
11615
27996
11620
28010
11627
11630
11635
11642
11648
11650
11656
11662
11671
28062
28064
11683
11687
28071
28078
28081
11698
28082
28086
11703
28088
44478
44480
11713
44482
11717
11723
28108
11727
28115
28118
28122
11740
11744
28129
11747
11754
28139
11759
11760
11763
11769
11770
28153
11773
11777
11781
11782
11784
11790
11799
11804
28188
11806
28193
11810
28197
11814
28201
28203
28204
11821
11825
11827
28211
28215
11837
28221
28224
28226
11845
28229
11848
44618
11851
28239
28244
28251
28256
11879
28268
28273
44659
28275
28276
11894
11895
28279
11922
11926
11928
44698
44701
11934
11947
11948
28335
11955
11958
11960
11966
28351
11969
11973
11975
28359
28364
11984
28368
28376
11994
11998
28383
12000
12003
28387
28392
28394
12012
28398
28409
12026
28411
28412
12029
12030
28413
28414
28415
12034
12041
12046
12047
12052
12056
12060
12062
12068
12069
44839
12074
44843
12077
12081
28466
12083
12085
12094
28481
28482
12101
28488
12105
12107
12110
44879
12113
12117
28504
12124
28512
44897
12130
12132
12136
28520
12138
28522
28523
28527
28528
12146
28530
12151
12153
28538
12165
12167
28551
28552
28553
28555
12172
12173
28567
12184
12193
12195
12203
12206
44983
12218
12223
12224
12232
28618
28619
12238
28631
45017
45018
12252
12255
12257
28641
28643
12260
45031
12263
28647
45034
28651
45036
12272
28660
12283
28671
12288
45057
12291
12298
12300
12303
28688
12307
12309
12313
12315
12320
12321
12323
12328
12331
12334
12341
12346
12349
12358
12359
28743
28745
12363
12370
12372
12374
28763
12380
12381
12382
12383
28766
12387
28772
12389
28774
12391
28775
28778
12405
28791
12411
12412
12413
12414
28797
12420
28807
12424
12426
28811
12428
12430
12431
45200
12433
28814
28815
12440
12443
28829
28833
28835
12459
45231
12465
12476
12486
12492
45263
12502
12511
28898
28900
12517
28902
45298
45299
12532
12530
28915
28917
12536
28923
28924
45309
45310
28927
12545
12546
28939
28944
12562
28947
45333
12566
28950
28951
12569
45338
12573
12575
28962
12589
12593
28979
12600
12607
12608
12613
12619
12625
12629
45401
29022
12642
12643
12648
12649
12652
12653
12654
12658
29045
29046
12665
12666
29053
45438
45440
12677
29061
29063
45449
12682
29070
29078
12698
12699
12700
12702
29086
12704
29089
12707
12709
45478
12711
45481
29099
12716
29100
12720
12723
29113
12735
29119
29124
29125
12750
12756
12767
12768
12775
12776
12781
12791
12804
12806
12808
45579
12816
45585
12817
29201
12821
29208
12826
12837
12840
29228
29230
12848
45617
12853
29238
12856
29240
12858
29244
29245
29246
29248
12868
12871
29257
29262
45647
29264
12889
12894
12897
12901
12906
12908
12911
12916
29301
12922
12926
12930
12933
12934
29321
12939
29323
29330
12949
45721
12954
12955
45725
29341
45729
12963
12965
29351
12968
12972
12978
12981
12983
29370
45760
45762
29381
29382
13000
13001
13003
29389
13006
13007
45779
13013
13014
29401
13019
13028
13033
13034
13051
13053
13054
13055
13056
29437
13068
13071
13074
13078
13080
29464
13084
29472
29473
45861
45863
13095
45867
13102
13108
29494
13118
13121
29508
45893
29512
29514
45900
29516
45903
13139
13141
29529
29530
13148
13153
13154
29538
29539
29541
13164
13166
13167
13168
13183
13185
13186
13187
45958
13193
13201
13204
13205
13207
13209
13210
13215
13217
13224
29611
13229
29617
13234
13238
29622
29625
13243
13244
13245
29627
13247
13256
29649
29653
29654
29655
13272
46041
46042
13275
46043
29657
13279
13281
29667
13286
46056
46057
46058
13289
13292
13293
13294
29676
29681
29682
13300
13315
13326
13331
13334
46106
13339
13344
13352
13353
13362
13365
29749
29753
13372
46142
13375
13376
13379
13380
46148
29764
29770
29772
29773
13397
29789
13407
29791
29792
46180
13413
13414
29796
29799
13417
29801
29803
29807
46195
46197
29814
29815
29817
13435
13440
13441
13442
13447
13464
13476
13478
13483
13489
13493
29883
29884
13509
29895
29896
29903
13520
29908
29911
13528
29914
29915
13536
13537
46308
46321
29937
13555
46324
13559
29945
13568
46337
13573
13574
13576
29958
13584
13594
13595
13597
13603
13604
13606
13610
13611
13614
13616
13624
13629
13632
13638
13640
30025
30026
13644
30031
13648
13649
30043
46428
30046
13663
13664
13665
13666
30051
30053
30055
13674
13676
13677
13678
13679
13680
30071
13689
30073
30075
46462
13695
13697
30082
13699
13703
46472
46473
13715
13718
13721
13722
13731
13734
13740
13742
13743
13744
30135
13759
13776
13780
30166
13785
30169
46555
30170
13790
30175
30177
30183
30184
30185
13802
13805
13809
13810
13811
13812
13813
13822
13828
13829
13830
30214
30215
13834
13835
13843
30227
30232
13849
13850
30234
13852
30235
13865
13871
13879
13883
13885
13893
13894
46667
46668
13902
13904
13905
13912
13913
13924
30309
46695
30312
46697
13930
13931
13932
30313
30315
30317
30319
13940
13942
13944
13947
30331
30332
30333
13955
13963
30353
13973
13974
13975
30357
13977
46746
13979
30360
30361
46751
13984
13985
30376
46774
14007
46788
30411
14030
14034
14036
14038
46811
14046
14051
14052
14063
30447
30451
46836
14069
14070
14072
14073
14078
14079
14080
14082
30466
14084
14085
14086
30467
30472
30475
46863
46864
14101
14104
14106
14111
30495
30497
46884
30502
14122
30508
14131
46900
46901
14141
14142
14146
14152
46927
14164
14166
30551
14170
14178
46949
14181
14187
14188
14198
30582
30584
14202
46973
46974
30590
46976
14208
14220
30604
30606
30608
30610
30611
14229
30614
14232
47002
47003
14237
14238
14239
14251
14258
30643
30644
14265
14270
30657
14276
14288
30674
14291
14292
14293
47066
14303
30689
14316
14322
14326
14336
14338
14340
30724
14343
30727
14345
30732
14351
14355
30740
14357
30742
30749
47134
30750
14369
14372
47141
14378
14383
14388
30774
14391
14393
14394
30777
47165
47166
14399
14398
14401
14402
14403
14404
30782
14409
47182
30799
14423
14433
47203
14443
14450
14451
14452
14461
14463
14467
14475
14476
14478
30862
30866
14483
47252
47253
47254
14487
14488
14490
30879
14496
14498
30882
47272
30888
14506
30889
30891
14510
14515
14522
14526
14530
30914
30915
14534
30920
14540
30925
14547
30936
14554
14555
14559
14561
14565
47348
47349
14580
30968
14598
14600
14601
14610
14616
47388
14620
14622
14628
31012
31014
31016
14633
31017
31021
31022
31025
14645
47416
14665
14667
14669
31054
31055
14672
31058
47448
47449
31069
14688
14693
31077
14695
31078
14711
14718
14719
14721
14723
14726
14727
14740
47510
14755
31140
14757
31141
47528
14766
31150
31152
31153
14775
31162
31164
14782
14785
47554
47555
14790
14800
14804
14809
31193
14812
31196
31197
31198
31205
31206
47591
14824
31207
14829
31213
47602
47603
14840
14842
14852
14858
14860
31246
14863
14865
14867
14869
14878
47651
14903
31293
14914
14916
31301
14918
31302
31306
31309
47694
47695
14929
14930
14931
14934
14937
14938
14939
31332
31335
31336
47721
31337
31340
31341
14961
31348
14965
14967
31351
14969
14970
31353
31354
31358
14977
14981
14989
14993
14998
14999
15000
47768
15001
15015
47789
15022
15025
15027
15030
15032
15033
31419
31420
47808
47809
15046
15047
15052
15056
15060
15061
15062
47837
47839
15081
15084
15094
31480
47866
31487
31488
31490
15108
31494
47881
31498
47884
15123
15124
15125
47897
15132
31526
15145
15146
15149
15154
47929
15163
15166
47935
47934
15169
15168
15176
47953
31578
15197
15198
31581
15207
15208
47979
31608
15225
31617
48003
48007
15241
15247
31631
31632
15257
48026
15258
15266
15272
15277
15286
15291
15300
48069
15302
48072
15305
48074
15306
15309
31694
31697
48087
48090
48092
15332
31719
31723
15341
31725
48117
15352
15365
31750
31751
15368
15369
31753
48139
31757
48142
15374
48144
15377
48146
31763
48149
48150
31767
31768
15385
15386
31770
15391
15392
15393
15394
48163
48164
15408
15410
15420
15421
15424
15432
48205
15439
15446
48215
15447
15449
31834
31835
15453
48222
48226
31857
15476
31860
15488
48258
48259
31877
15495
15503
15505
31891
31892
31894
31895
31896
48281
48282
48283
15516
15518
48287
31909
31913
15530
48304
31921
48307
15545
48313
15547
15552
15570
15579
48348
48350
15583
48354
48356
31972
31975
48364
48365
15599
48371
15612
31997
31999
32000
15618
32003
15620
15622
15623
15628
15630
48400
32017
15644
15648
15649
32032
32034
15652
48420
32035
15655
32037
48426
15659
48429
48430
15663
48432
48433
32047
48435
15668
32050
15671
48440
15675
48444
15682
15686
15699
15701
48483
15718
48487
15722
15724
48493
15727
32113
15730
48499
32115
48507
15740
48508
15743
48514
48515
32136
15757
15758
15764
15767
32156
15773
15775
32158
15777
15778
32167
15788
15789
48557
48556
32178
32180
48565
48566
48567
15797
48569
15802
32185
32189
15807
48580
15812
15816
48584
15822
15823
15828
15835
15837
15842
48613
15848
15849
48619
48620
15852
15859
15860
48629
48628
15863
48630
15868
32252
48644
15884
48654
48657
32274
15892
15897
15904
15908
48677
15909
48678
15912
48681
32297
15915
32298
32302
32308
15927
32314
48699
48700
32321
32322
48709
32326
15943
15949
15951
48726
15961
15967
15972
15973
15977
15981
15982
48754
15987
48758
48760
15998
48769
16004
16007
16008
16011
48786
16022
16023
48792
48797
16032
16033
32419
16037
16044
48818
16053
32438
16055
32440
16060
16061
16063
48833
16066
16067
48834
16070
48839
32455
48841
16077
32463
16083
48853
48854
16085
48856
16089
16090
32469
16097
16103
16106
16107
32497
32499
16118
16121
48890
16129
16130
16132
32516
48904
16138
48908
48912
48913
32530
48916
16148
48920
48925
48926
48931
16165
48938
16171
32559
16180
16182
16185
16192
16193
48962
32579
32585
16202
16203
32588
16205
48974
48975
48977
32594
16212
16214
32598
16220
48988
48990
16223
48989
32605
16226
32609
16229
16230
49002
16238
16240
16246
16255
16258
16261
49032
16270
49038
49041
49044
49046
49052
32669
49055
16288
16290
16293
16294
16298
16299
49068
49066
16301
32683
32684
49073
32695
16322
16324
16329
49102
16341
16342
16343
16344
49112
32727
32732
32736
16353
49122
49123
49121
49125
16356
32742
32743
32744
16364
16366
49135
16375
16378
32765
